[individuals]
1
[dimensions]
3
[landmarks]
58
[rawpoints]
'#1
6.802558e-01 -1.027741e-02 1.006035e+00
3.833353e-01 2.286266e-01 4.999440e-01
9.568898e-02 4.309181e-01 -1.880237e-02
-1.421032e-01 4.190210e-01 -5.166541e-01
3.687840e-01 1.409433e-01 6.938108e-01
4.579067e-01 -2.334896e-01 8.808627e-01
5.464066e-01 1.914731e-01 5.801857e-01
7.286254e-01 -2.054489e-01 7.348676e-01
4.788163e-01 -2.250340e-01 8.185967e-01
6.771398e-01 -1.990033e-01 7.265327e-01
2.347840e-01 2.030338e-01 5.394285e-01
5.138258e-01 2.382746e-01 4.085322e-01
3.304373e-01 -1.177059e-01 4.761059e-01
1.310565e-01 -1.911345e-01 4.516770e-02
1.004069e-01 -1.771889e-01 1.966711e-01
4.675696e-01 -9.936795e-02 4.064240e-01
2.415996e-01 -1.598224e-01 -1.309440e-02
3.855988e-01 -1.392756e-01 2.509390e-02
6.147679e-02 -2.119152e-01 1.172449e-01
3.412362e-01 -1.642450e-01 -4.139924e-02
1.535123e-01 -9.819566e-02 5.673095e-01
1.515326e-01 -1.641493e-01 5.514619e-01
1.069746e-01 -1.272597e-01 4.996819e-01
1.138497e-01 -1.764729e-01 4.889096e-01
6.457182e-01 -3.418259e-02 2.977477e-01
6.308702e-01 -1.012195e-01 3.024406e-01
6.236258e-01 -4.553426e-02 2.394577e-01
6.067820e-01 -1.124625e-01 2.440882e-01
1.075962e-01 3.491480e-02 5.868887e-01
6.560367e-01 1.095937e-01 3.014560e-01
-4.507567e-01 -9.528946e-02 1.909595e-01
6.886774e-01 6.581721e-02 -4.285882e-01
-4.786750e-01 1.498322e-02 1.583481e-02
5.251201e-01 1.829281e-01 -5.378999e-01
-1.176384e-02 -2.020166e-01 -2.460845e-01
1.365807e-01 -1.894643e-01 -3.223735e-01
-8.777039e-02 -2.719897e-01 -2.363097e-01
1.916205e-01 -2.268682e-01 -3.693305e-01
-8.899422e-02 -2.441852e-01 -3.204660e-01
1.064206e-01 -2.269334e-01 -4.293497e-01
-1.549984e-01 -3.071822e-01 -1.978485e-01
2.710969e-01 -2.533875e-01 -4.015342e-01
-4.194439e-01 -1.330731e-01 -1.255182e-01
-3.585485e-01 -1.834793e-01 6.188402e-02
-4.551317e-01 -1.818090e-01 -6.065158e-02
4.639024e-01 -6.962355e-02 -5.341536e-01
5.726766e-01 -5.187671e-02 -4.121034e-01
4.957897e-01 -4.806334e-02 -5.545061e-01
-1.214506e-01 -1.623511e-01 3.447967e-02
-2.717246e-01 -3.282405e-01 -1.173954e-01
4.077464e-01 1.323462e-03 -2.189124e-01
3.602207e-01 -2.523845e-01 -4.244781e-01
-4.354969e-01 -1.426032e-01 -3.460163e-01
2.616656e-01 -4.120281e-02 -7.012335e-01
-3.441787e-01 -2.131830e-01 -3.067387e-01
2.461405e-01 -1.911836e-01 -6.464328e-01
-3.948312e-01 -2.290685e-01 -3.485806e-01
2.758237e-01 -1.266779e-01 -6.672906e-01
