[individuals]
1
[dimensions]
3
[landmarks]
58
[rawpoints]
'#1
-1.754947e-01 -5.402513e+00 -3.335157e-01
2.928193e-01 -2.798044e+00 4.546912e-01
7.416548e-01 4.499570e-01 4.880972e-01
7.476155e-01 1.871455e+00 -5.774900e-01
-5.571063e-01 -3.741467e+00 1.787071e-01
-8.355240e-01 -4.488311e+00 -1.474308e+00
7.595642e-01 -3.882642e+00 2.695713e-02
4.303333e-01 -4.670048e+00 -1.636082e+00
-5.919831e-01 -4.214393e+00 -1.459906e+00
2.746139e-01 -4.350102e+00 -1.586029e+00
-5.898950e-01 -2.939848e+00 4.192138e-01
1.067012e+00 -3.152880e+00 1.997391e-01
-2.148686e-01 -2.217906e+00 -1.458495e+00
-3.784340e-02 -1.374166e+00 -1.780272e+00
-3.050019e-01 -2.094247e+00 -1.480961e+00
5.257567e-01 -2.432207e+00 -1.544461e+00
4.582976e-01 -1.418909e+00 -1.887763e+00
6.389376e-01 -2.251224e+00 -1.635082e+00
-4.207605e-01 -1.242031e+00 -1.946653e+00
7.235829e-01 -1.396456e+00 -2.067706e+00
-1.071939e+00 -3.056290e+00 -6.839960e-01
-1.099566e+00 -3.047009e+00 -8.239846e-01
-7.405885e-01 -2.375475e+00 -8.732332e-01
-7.863594e-01 -2.381628e+00 -1.070556e+00
1.208473e+00 -3.364840e+00 -9.969376e-01
1.176320e+00 -3.365774e+00 -1.119934e+00
1.016533e+00 -2.517700e+00 -1.109595e+00
9.946482e-01 -2.490836e+00 -1.323012e+00
-9.296255e-01 -2.347937e+00 1.350253e-01
1.487792e+00 -2.725623e+00 -2.421087e-01
-1.787324e+00 -9.725731e-01 -6.478370e-01
2.433547e+00 -1.574283e+00 -1.207950e+00
-7.514187e-01 2.141907e-01 -3.657044e-01
1.841043e+00 -3.493004e-02 -6.038723e-01
1.124503e-01 -1.825716e-01 -1.735391e+00
5.818538e-01 -2.642019e-01 -1.800783e+00
1.221493e-01 9.449197e-02 -1.843632e+00
5.937306e-01 3.902808e-02 -1.957287e+00
7.561295e-02 3.087972e-01 -2.002507e+00
6.560110e-01 2.551505e-01 -2.116541e+00
-2.942896e-01 5.720264e-01 -1.807564e+00
1.104051e+00 3.456845e-01 -2.019084e+00
-1.200168e+00 9.438460e-01 -1.547861e+00
-1.593360e+00 8.904332e-01 -1.602552e+00
-1.466979e+00 9.017528e-01 -1.412197e+00
2.178178e+00 4.558730e-01 -2.011311e+00
2.526049e+00 3.355497e-01 -2.153871e+00
2.400337e+00 3.680792e-01 -1.949711e+00
-8.758188e-01 2.731745e-01 -1.730967e+00
-7.076895e-01 1.089787e+00 -2.464097e+00
1.631377e+00 -5.535281e-02 -2.035607e+00
1.520980e+00 7.429400e-01 -2.704340e+00
-7.817451e-01 1.237277e+00 -1.865540e+00
1.729889e+00 8.836392e-01 -2.203621e+00
-6.253858e-01 1.001526e+00 -1.895492e+00
1.491404e+00 3.557636e-01 -1.925606e+00
-7.072717e-01 1.211012e+00 -2.128358e+00
1.557388e+00 8.294482e-01 -2.456093e+00
