[individuals]
1
[dimensions]
3
[landmarks]
58
[rawpoints]
'#1
1.054991e+00 2.381470e-01 8.081244e-01
1.011872e+00 1.215936e+00 1.093887e+00
9.485537e-01 2.225647e+00 1.232823e+00
9.184246e-01 2.741570e+00 1.217578e+00
8.558999e-01 7.591537e-01 9.680630e-01
7.742741e-01 4.412649e-01 5.411495e-01
1.202280e+00 7.963876e-01 9.766983e-01
1.340136e+00 4.429994e-01 5.701534e-01
8.659800e-01 3.750903e-01 5.686703e-01
1.255294e+00 3.667770e-01 6.011389e-01
7.502624e-01 1.168224e+00 1.069533e+00
1.248404e+00 1.170418e+00 1.074593e+00
8.584087e-01 9.607789e-01 5.959474e-01
8.726060e-01 1.423506e+00 5.576890e-01
7.738175e-01 1.367379e+00 5.542078e-01
1.190879e+00 1.008500e+00 6.036246e-01
1.138267e+00 1.464195e+00 5.571366e-01
1.238413e+00 1.441461e+00 5.535525e-01
7.173879e-01 1.593536e+00 4.866175e-01
1.295594e+00 1.604416e+00 4.991566e-01
5.829767e-01 9.936742e-01 6.293573e-01
6.476808e-01 1.028455e+00 5.132264e-01
5.646439e-01 1.291837e+00 5.940745e-01
5.698222e-01 1.362573e+00 5.279644e-01
1.475738e+00 1.011589e+00 6.604818e-01
1.403605e+00 9.733797e-01 5.393401e-01
1.443376e+00 1.348768e+00 6.186991e-01
1.443573e+00 1.371514e+00 5.437182e-01
5.095342e-01 1.078521e+00 7.548678e-01
1.531196e+00 1.144262e+00 7.743422e-01
1.197707e-01 1.702803e+00 7.102181e-01
1.864851e+00 1.772634e+00 7.232345e-01
4.571386e-01 2.100715e+00 9.584743e-01
1.450233e+00 2.090626e+00 9.778317e-01
9.607083e-01 2.243336e+00 5.035056e-01
9.589920e-01 2.242826e+00 5.043594e-01
8.349708e-01 2.228497e+00 4.913814e-01
1.101948e+00 2.246264e+00 5.002646e-01
8.380033e-01 2.388673e+00 4.754638e-01
1.059566e+00 2.415919e+00 4.764375e-01
7.918929e-01 2.331159e+00 4.733592e-01
1.121150e+00 2.354205e+00 4.818391e-01
2.946780e-01 2.502271e+00 5.904439e-01
2.338020e-01 2.363140e+00 4.396785e-01
2.340597e-01 2.328218e+00 5.404119e-01
1.567339e+00 2.593180e+00 6.187996e-01
1.668413e+00 2.441607e+00 4.577194e-01
1.651075e+00 2.394316e+00 5.733154e-01
5.880494e-01 2.196992e+00 4.568426e-01
5.450498e-01 2.527142e+00 3.053138e-01
1.275164e+00 2.241075e+00 4.847736e-01
1.297699e+00 2.590288e+00 3.128778e-01
4.365618e-01 2.653257e+00 4.028306e-01
1.435688e+00 2.703393e+00 4.150795e-01
5.662984e-01 2.613577e+00 4.201521e-01
1.257830e+00 2.627132e+00 4.217204e-01
4.283659e-01 2.669446e+00 3.664554e-01
1.444407e+00 2.722644e+00 3.838570e-01
