[individuals]
1
[dimensions]
3
[landmarks]
64
[rawpoints]
'#1
2.624123e+00 -4.174024e+01 -9.665341e+00
2.419158e+00 -2.136855e+01 -5.207253e-01
2.625059e+00 -6.307463e+00 1.194689e+00
2.947799e+00 1.237606e+01 -5.210693e+00
-5.015031e+00 -2.796540e+01 -8.243771e+00
-1.780210e+00 -3.217188e+01 -1.678954e+01
1.031754e+01 -2.820166e+01 -7.473531e+00
7.731956e+00 -3.207489e+01 -1.635489e+01
1.645994e-01 -3.282380e+01 -1.732625e+01
5.713213e+00 -3.293902e+01 -1.715379e+01
-3.801025e+00 -2.679588e+01 -4.954459e+00
8.621698e+00 -2.690411e+01 -3.852363e+00
2.212451e+00 -1.937472e+01 -1.390148e+01
1.728807e+00 -1.115534e+01 -1.480014e+01
2.336556e+00 -1.852782e+01 -1.374475e+01
4.194662e+00 -1.915190e+01 -1.381437e+01
4.502733e+00 -1.122852e+01 -1.463976e+01
4.484279e+00 -1.819689e+01 -1.380861e+01
-3.668904e-01 -1.080696e+01 -1.531349e+01
6.961451e+00 -1.119165e+01 -1.489777e+01
-4.396595e+00 -2.832864e+01 -1.297189e+01
-3.662905e+00 -2.799590e+01 -1.460710e+01
-5.721204e+00 -2.421913e+01 -1.359067e+01
-4.726598e+00 -2.360021e+01 -1.459560e+01
1.001923e+01 -2.811241e+01 -1.260955e+01
9.216882e+00 -2.829171e+01 -1.397586e+01
1.138860e+01 -2.448852e+01 -1.304197e+01
1.053831e+01 -2.397526e+01 -1.425159e+01
-4.134942e+00 -2.418524e+01 -4.607498e+00
9.556173e+00 -2.405074e+01 -3.522899e+00
-1.452127e+01 -1.268998e+01 -7.884422e+00
1.994777e+01 -1.302091e+01 -5.819633e+00
-5.843985e+00 -2.745982e+00 -7.411712e+00
1.116888e+01 -4.678036e+00 -6.580460e+00
6.743414e-01 -6.590057e+00 -1.373979e+01
5.629556e+00 -5.440971e+00 -1.358057e+01
6.375425e+00 -3.703182e+00 -1.442538e+01
2.465663e-01 -3.357448e+00 -1.488418e+01
1.364092e+00 1.508410e+00 -1.493571e+01
5.403037e+00 1.547014e+00 -1.484391e+01
-2.162152e+00 3.927545e+00 -1.557828e+01
9.058085e+00 4.357606e+00 -1.531168e+01
-6.341951e+00 6.584426e+00 -1.519550e+01
-7.611210e+00 6.354221e+00 -1.814958e+01
-7.413581e+00 6.366776e+00 -1.670741e+01
1.340462e+01 6.177492e+00 -1.410622e+01
1.429312e+01 6.070158e+00 -1.744393e+01
1.425945e+01 6.160756e+00 -1.597245e+01
-1.132372e+01 6.903062e+00 -1.314970e+01
-1.177391e+01 4.815842e+00 -1.386693e+01
-1.145452e+01 6.634506e+00 -1.581036e+01
1.777088e+01 7.237655e+00 -1.208732e+01
1.814921e+01 4.840150e+00 -1.280874e+01
1.806169e+01 6.453807e+00 -1.479472e+01
-4.357764e+00 2.050845e+00 -1.654754e+01
-3.365547e+00 8.380593e+00 -1.991710e+01
1.097447e+01 1.783011e+00 -1.588554e+01
1.025669e+01 8.020470e+00 -1.945486e+01
-4.279925e+00 6.437381e+00 -1.922876e+01
1.128154e+01 6.617174e+00 -1.879675e+01
-3.919513e+00 6.487032e+00 -1.704397e+01
1.064016e+01 6.533278e+00 -1.552870e+01
-2.744146e+00 7.133669e+00 -1.835396e+01
9.265425e+00 6.839073e+00 -1.800925e+01
