[individuals]
1
[dimensions]
3
[landmarks]
58
[rawpoints]
'#1
2.751344e+03 1.074505e+03 2.317626e+03
2.421870e+03 4.061770e+03 3.066103e+03
2.303995e+03 6.405647e+03 3.264359e+03
2.296438e+03 8.602407e+03 2.998403e+03
2.155393e+03 2.775150e+03 2.728140e+03
2.073944e+03 1.764101e+03 1.325708e+03
2.906913e+03 3.085458e+03 2.936220e+03
3.614926e+03 1.821452e+03 1.699417e+03
2.510026e+03 1.502511e+03 1.452243e+03
3.168336e+03 1.568500e+03 1.582684e+03
1.784446e+03 4.005082e+03 2.860830e+03
3.012703e+03 3.955839e+03 3.125537e+03
2.504426e+03 4.110390e+03 1.519434e+03
2.496200e+03 5.014188e+03 1.409982e+03
2.263928e+03 4.549840e+03 1.426804e+03
3.026810e+03 4.188370e+03 1.608012e+03
3.025923e+03 5.015051e+03 1.495109e+03
3.227510e+03 4.586804e+03 1.588039e+03
2.102744e+03 4.987283e+03 1.237138e+03
3.423113e+03 5.056728e+03 1.487918e+03
1.580198e+03 3.364819e+03 1.628842e+03
1.688201e+03 3.339401e+03 1.398766e+03
1.551243e+03 4.186265e+03 1.560041e+03
1.637163e+03 4.184330e+03 1.357960e+03
3.770825e+03 3.419529e+03 2.069781e+03
3.766970e+03 3.420225e+03 1.827960e+03
3.781841e+03 4.266979e+03 1.992896e+03
3.785665e+03 4.273155e+03 1.792489e+03
1.411503e+03 3.781871e+03 1.966601e+03
3.782073e+03 3.899288e+03 2.434610e+03
5.712070e+02 5.492451e+03 1.606044e+03
4.629931e+03 5.648507e+03 2.426395e+03
1.464505e+03 6.913305e+03 2.438728e+03
3.554372e+03 6.945435e+03 2.617659e+03
2.713154e+03 6.950136e+03 1.488705e+03
2.706096e+03 6.949292e+03 1.487113e+03
2.258525e+03 6.853705e+03 1.361669e+03
3.126198e+03 6.829233e+03 1.547467e+03
2.444198e+03 7.249789e+03 1.390944e+03
2.960385e+03 7.287438e+03 1.536688e+03
2.260178e+03 7.283316e+03 1.422043e+03
3.127559e+03 7.153925e+03 1.509283e+03
1.287019e+03 7.631986e+03 1.589351e+03
1.084156e+03 7.303888e+03 8.636954e+02
1.103534e+03 7.145956e+03 1.161799e+03
3.984898e+03 7.599142e+03 2.078585e+03
4.386665e+03 7.413371e+03 1.535594e+03
4.326271e+03 7.090294e+03 1.882886e+03
1.728322e+03 6.929981e+03 1.165414e+03
1.902055e+03 7.604574e+03 7.531510e+02
3.556050e+03 6.962090e+03 1.546755e+03
3.674167e+03 7.647248e+03 1.166380e+03
1.649361e+03 7.786509e+03 1.189974e+03
3.744480e+03 7.854455e+03 1.620279e+03
1.870352e+03 7.741120e+03 1.326970e+03
3.497683e+03 7.828131e+03 1.716883e+03
1.577054e+03 7.853215e+03 1.041607e+03
3.839220e+03 7.869850e+03 1.467035e+03
