[individuals]
1
[dimensions]
3
[landmarks]
58
[rawpoints]
'#1
4.010656e+00 9.994332e-01 8.196579e+00
4.608280e+00 5.074733e+00 8.673464e+00
5.385128e+00 9.844600e+00 8.310328e+00
5.629558e+00 1.200779e+01 7.159357e+00
3.621835e+00 2.669439e+00 8.499031e+00
3.036364e+00 2.524226e+00 6.349466e+00
4.913755e+00 2.438627e+00 8.327998e+00
4.989251e+00 2.201936e+00 6.179755e+00
3.784304e+00 2.640618e+00 6.113232e+00
4.191984e+00 2.589155e+00 6.153063e+00
5.315404e+00 4.427594e+00 8.417607e+00
3.791993e+00 4.613889e+00 8.580194e+00
3.744496e+00 5.309749e+00 5.892697e+00
3.864008e+00 5.886674e+00 5.750795e+00
3.717773e+00 5.872912e+00 5.656504e+00
5.006655e+00 5.120660e+00 5.795405e+00
5.023535e+00 5.698488e+00 5.622956e+00
5.093566e+00 5.665740e+00 5.511644e+00
3.604589e+00 7.120932e+00 5.004656e+00
5.388045e+00 6.840541e+00 4.882463e+00
2.922417e+00 4.387380e+00 7.141822e+00
2.876123e+00 4.322259e+00 6.918085e+00
3.006500e+00 5.613591e+00 6.612756e+00
2.937039e+00 5.515857e+00 6.419839e+00
5.781565e+00 4.117818e+00 6.801810e+00
5.765174e+00 4.026445e+00 6.613829e+00
5.801076e+00 5.199601e+00 6.312286e+00
5.826806e+00 5.182300e+00 6.063630e+00
3.089354e+00 5.275678e+00 7.795382e+00
5.995306e+00 4.854852e+00 7.518565e+00
1.641030e+00 7.463618e+00 6.952096e+00
7.767947e+00 6.485776e+00 6.190825e+00
3.328774e+00 9.472023e+00 7.259988e+00
6.910255e+00 8.901074e+00 6.769959e+00
4.404907e+00 9.137784e+00 5.120785e+00
5.385785e+00 8.879446e+00 4.954704e+00
4.073871e+00 9.202497e+00 5.024245e+00
5.566052e+00 8.965212e+00 4.816485e+00
4.404345e+00 9.917799e+00 4.940131e+00
5.466890e+00 9.686488e+00 4.758752e+00
3.649384e+00 9.865117e+00 5.057713e+00
6.278035e+00 9.509687e+00 4.731664e+00
2.931421e+00 1.070543e+01 5.622688e+00
2.378438e+00 1.054342e+01 5.621676e+00
2.709478e+00 1.050095e+01 5.641458e+00
7.358803e+00 1.010926e+01 5.066877e+00
7.748498e+00 9.930801e+00 4.749212e+00
7.678242e+00 9.865372e+00 5.006747e+00
3.201097e+00 1.006669e+01 5.122298e+00
3.222347e+00 1.093788e+01 3.939112e+00
6.814959e+00 9.610966e+00 4.519436e+00
6.525414e+00 1.028542e+01 3.558111e+00
2.965603e+00 1.138174e+01 5.571961e+00
7.491820e+00 1.069129e+01 4.912879e+00
3.662929e+00 1.103229e+01 5.048959e+00
6.654092e+00 1.050929e+01 4.661705e+00
3.421052e+00 1.152880e+01 5.425284e+00
7.076992e+00 1.049664e+01 4.917389e+00
