[individuals]
1
[dimensions]
3
[landmarks]
58
[rawpoints]
'#1
4.067434e+00 9.374355e-01 4.965460e+00
4.252190e+00 6.980212e+00 4.735472e+00
4.172145e+00 1.037094e+01 4.641566e+00
3.940748e+00 1.255447e+01 3.373700e+00
3.769507e+00 2.489049e+00 4.940963e+00
2.818918e+00 2.180257e+00 3.868912e+00
4.561186e+00 2.920125e+00 4.777177e+00
5.095876e+00 2.180368e+00 3.598464e+00
3.428124e+00 1.839587e+00 3.692819e+00
4.469151e+00 1.854016e+00 3.539059e+00
3.178973e+00 5.716140e+00 4.485493e+00
5.112603e+00 5.720496e+00 4.246737e+00
3.482846e+00 4.793703e+00 2.885895e+00
3.417014e+00 6.103222e+00 2.345743e+00
3.602189e+00 5.218394e+00 2.703741e+00
4.416639e+00 4.769143e+00 2.735380e+00
4.334639e+00 6.195237e+00 2.136081e+00
4.264985e+00 5.042715e+00 2.637422e+00
3.030964e+00 6.978068e+00 1.947150e+00
4.655832e+00 6.994233e+00 1.714350e+00
2.862203e+00 4.242062e+00 3.728867e+00
2.741537e+00 4.086757e+00 3.532276e+00
2.492153e+00 5.518691e+00 3.684508e+00
2.446171e+00 5.365756e+00 3.019322e+00
5.322972e+00 4.116724e+00 3.500896e+00
5.184385e+00 4.008751e+00 3.217113e+00
5.441703e+00 5.101176e+00 3.233295e+00
5.470689e+00 5.082262e+00 2.700866e+00
2.696868e+00 5.511972e+00 4.137754e+00
5.446680e+00 5.445947e+00 3.733552e+00
9.312344e-01 8.398979e+00 3.471907e+00
6.959169e+00 8.457473e+00 2.681667e+00
2.710294e+00 1.048641e+01 2.655797e+00
5.005470e+00 1.043570e+01 2.426381e+00
3.783431e+00 9.588527e+00 1.684393e+00
3.845017e+00 9.598073e+00 1.677893e+00
3.371021e+00 9.941824e+00 1.581501e+00
4.188002e+00 1.005431e+01 1.420799e+00
3.378730e+00 1.022480e+01 1.479058e+00
4.170008e+00 1.028986e+01 1.359656e+00
2.852085e+00 1.047933e+01 1.526599e+00
4.614958e+00 1.054239e+01 1.383581e+00
2.097975e+00 1.093083e+01 1.682831e+00
1.389516e+00 1.073174e+01 1.023357e+00
1.521302e+00 1.056177e+01 1.560683e+00
5.411494e+00 1.097778e+01 1.373328e+00
5.895112e+00 1.076304e+01 5.301195e-01
5.957495e+00 1.059016e+01 1.094379e+00
2.491797e+00 1.046034e+01 1.309674e+00
2.415377e+00 1.082164e+01 1.026392e+00
4.905707e+00 1.044545e+01 1.144695e+00
4.977185e+00 1.086803e+01 8.310781e-01
2.348578e+00 1.127309e+01 1.377101e+00
5.108745e+00 1.132608e+01 1.098751e+00
2.542220e+00 1.106189e+01 1.312299e+00
4.942454e+00 1.112450e+01 1.139019e+00
2.390431e+00 1.114272e+01 1.109075e+00
5.010211e+00 1.118822e+01 8.716102e-01
