[individuals]
1
[dimensions]
3
[landmarks]
58
[rawpoints]
'#1
3.353401e-01 7.627659e-02 8.428538e-01
7.795117e-01 9.935967e-01 1.367760e+00
1.125718e+00 1.679449e+00 1.786453e+00
1.367835e+00 2.204441e+00 1.773304e+00
4.111870e-01 4.302226e-01 1.035800e+00
3.149924e-01 5.715576e-01 7.384956e-01
5.748608e-01 3.541236e-01 1.034294e+00
7.047849e-01 3.776922e-01 7.116143e-01
3.743839e-01 5.167461e-01 7.453072e-01
6.249095e-01 3.947288e-01 7.265384e-01
5.381204e-01 8.412157e-01 1.253572e+00
8.199415e-01 7.155622e-01 1.252026e+00
5.491534e-01 8.380176e-01 8.593057e-01
8.144501e-01 1.355058e+00 9.383623e-01
6.893220e-01 1.218784e+00 9.248430e-01
7.678548e-01 7.435240e-01 8.592123e-01
9.789432e-01 1.281417e+00 9.354318e-01
9.551781e-01 1.087032e+00 9.221083e-01
7.470019e-01 1.513615e+00 9.221600e-01
1.146727e+00 1.326004e+00 8.984493e-01
3.903221e-01 1.024464e+00 9.734664e-01
4.077948e-01 1.012786e+00 8.780255e-01
4.259122e-01 1.151281e+00 9.962201e-01
4.531984e-01 1.161173e+00 8.991982e-01
1.039750e+00 7.540628e-01 9.425880e-01
1.039470e+00 7.952536e-01 8.519680e-01
1.094359e+00 8.217922e-01 9.720730e-01
1.087609e+00 8.898193e-01 8.670470e-01
4.298127e-01 1.085816e+00 1.131548e+00
1.061274e+00 7.992805e-01 1.121880e+00
3.730063e-01 1.887163e+00 1.259416e+00
1.688346e+00 1.247180e+00 1.174258e+00
7.089812e-01 2.165326e+00 1.470781e+00
1.735866e+00 1.683273e+00 1.398856e+00
1.092372e+00 1.727831e+00 1.029016e+00
1.092235e+00 1.726819e+00 1.029054e+00
1.074714e+00 1.990647e+00 1.040064e+00
1.320567e+00 1.886539e+00 1.025907e+00
1.133939e+00 2.096301e+00 1.050980e+00
1.341692e+00 1.962961e+00 1.052538e+00
9.603456e-01 2.069897e+00 1.018829e+00
1.444502e+00 1.823917e+00 9.790392e-01
7.814155e-01 2.221501e+00 1.131539e+00
6.929348e-01 2.259638e+00 1.051258e+00
6.996367e-01 2.245986e+00 1.121760e+00
1.684011e+00 1.798766e+00 1.067160e+00
1.751917e+00 1.762621e+00 9.760013e-01
1.758803e+00 1.757533e+00 1.028837e+00
8.398848e-01 2.071040e+00 1.052695e+00
1.031648e+00 2.258242e+00 9.428499e-01
1.522338e+00 1.739841e+00 1.018797e+00
1.583931e+00 1.988642e+00 8.753030e-01
1.015316e+00 2.502246e+00 1.063933e+00
1.760687e+00 2.140548e+00 1.036775e+00
1.007148e+00 2.293384e+00 1.048290e+00
1.631586e+00 2.027802e+00 1.004263e+00
9.483886e-01 2.421984e+00 1.016497e+00
1.723064e+00 2.052782e+00 9.629944e-01
