[individuals]
1
[dimensions]
3
[landmarks]
58
[rawpoints]
'#1
4.526238e-01 1.239760e-01 1.088746e+00
8.066375e-01 1.135099e+00 1.447876e+00
1.099923e+00 1.955732e+00 1.708112e+00
1.197818e+00 2.494591e+00 1.617585e+00
4.977669e-01 5.047953e-01 1.260272e+00
2.885461e-01 5.781615e-01 9.548352e-01
6.810281e-01 4.847795e-01 1.208638e+00
7.014271e-01 4.808693e-01 8.424361e-01
3.708336e-01 4.355370e-01 9.152991e-01
5.444910e-01 3.922762e-01 8.549092e-01
5.652368e-01 9.434745e-01 1.385174e+00
8.770372e-01 8.836066e-01 1.296753e+00
5.018004e-01 9.371786e-01 1.002476e+00
6.425145e-01 1.498434e+00 9.805002e-01
5.039167e-01 1.192941e+00 9.902205e-01
7.089281e-01 8.640158e-01 9.393786e-01
8.448839e-01 1.446398e+00 9.083900e-01
8.130146e-01 1.130199e+00 8.967292e-01
5.223217e-01 1.628986e+00 9.716317e-01
9.772745e-01 1.536877e+00 8.415721e-01
3.350528e-01 1.074778e+00 1.153858e+00
3.026353e-01 1.065706e+00 1.058140e+00
3.446435e-01 1.195374e+00 1.163638e+00
3.275745e-01 1.253087e+00 1.051980e+00
9.688430e-01 9.014906e-01 9.698799e-01
9.483318e-01 9.618451e-01 8.612068e-01
1.021982e+00 1.017933e+00 9.608245e-01
9.926146e-01 1.044442e+00 8.461207e-01
3.845882e-01 1.170054e+00 1.302201e+00
1.058224e+00 1.005363e+00 1.101226e+00
1.349314e-01 1.907033e+00 1.346344e+00
1.573596e+00 1.581702e+00 9.020185e-01
5.121135e-01 2.341509e+00 1.520801e+00
1.567580e+00 2.083372e+00 1.166186e+00
8.231233e-01 2.096666e+00 9.500599e-01
9.491709e-01 2.095912e+00 9.026516e-01
7.611365e-01 2.166604e+00 9.645195e-01
1.020124e+00 2.096802e+00 8.762522e-01
7.863954e-01 2.270116e+00 9.582700e-01
1.044719e+00 2.199440e+00 8.749293e-01
7.031048e-01 2.300516e+00 9.943510e-01
1.140252e+00 2.195514e+00 8.522255e-01
4.665000e-01 2.466224e+00 1.191975e+00
3.630524e-01 2.351825e+00 1.071288e+00
3.683071e-01 2.326459e+00 1.139819e+00
1.479689e+00 2.240359e+00 8.795995e-01
1.455517e+00 2.098525e+00 7.343171e-01
1.461511e+00 2.073166e+00 7.971152e-01
5.192129e-01 2.202027e+00 1.057976e+00
6.400091e-01 2.392739e+00 8.897516e-01
1.263100e+00 2.030316e+00 8.176589e-01
1.157174e+00 2.269989e+00 7.155546e-01
5.071136e-01 2.573834e+00 1.089688e+00
1.446418e+00 2.356875e+00 7.933017e-01
5.862942e-01 2.472733e+00 9.955821e-01
1.277999e+00 2.301261e+00 7.760201e-01
5.188805e-01 2.534012e+00 9.393482e-01
1.325408e+00 2.334765e+00 6.694304e-01
