[individuals]
1
[dimensions]
3
[landmarks]
58
[rawpoints]
'#1
2.096100e+03 9.687809e+02 2.523354e+03
2.219641e+03 2.409978e+03 2.834921e+03
2.164748e+03 3.709974e+03 3.088245e+03
2.235975e+03 5.464015e+03 2.853052e+03
1.960867e+03 1.457717e+03 2.655138e+03
1.553836e+03 1.554156e+03 1.606678e+03
2.410551e+03 1.775678e+03 2.676715e+03
2.681194e+03 1.506164e+03 1.555163e+03
2.026313e+03 1.581876e+03 1.743295e+03
2.269596e+03 1.616207e+03 1.729343e+03
1.871084e+03 2.190463e+03 2.741400e+03
2.564592e+03 2.285152e+03 2.743065e+03
1.797774e+03 2.947764e+03 1.701766e+03
1.838581e+03 3.154646e+03 1.679117e+03
1.785382e+03 3.180370e+03 1.661548e+03
2.489474e+03 2.915245e+03 1.662539e+03
2.458431e+03 3.142039e+03 1.650322e+03
2.516074e+03 3.143393e+03 1.626524e+03
1.704321e+03 3.626700e+03 1.545180e+03
2.580375e+03 3.622102e+03 1.486840e+03
1.391170e+03 2.071066e+03 2.121333e+03
1.378892e+03 2.032128e+03 1.991765e+03
1.410255e+03 2.609204e+03 1.920944e+03
1.405147e+03 2.641271e+03 1.814578e+03
2.892692e+03 2.043261e+03 1.977378e+03
2.889068e+03 2.049540e+03 1.854738e+03
2.897008e+03 2.522935e+03 1.836030e+03
2.943796e+03 2.592470e+03 1.731475e+03
1.437416e+03 2.255894e+03 2.484316e+03
2.898212e+03 2.236247e+03 2.395489e+03
3.159221e+02 3.311139e+03 2.413615e+03
4.039376e+03 3.187017e+03 2.277047e+03
1.353488e+03 4.344282e+03 2.712173e+03
3.161144e+03 4.702284e+03 2.635379e+03
1.794666e+03 4.510853e+03 1.602823e+03
2.523394e+03 4.446712e+03 1.592967e+03
1.773843e+03 4.667811e+03 1.628456e+03
2.456951e+03 4.594288e+03 1.615052e+03
1.899023e+03 4.825266e+03 1.621169e+03
2.412618e+03 4.808099e+03 1.607678e+03
1.641405e+03 4.799157e+03 1.651533e+03
2.678285e+03 4.849167e+03 1.643925e+03
9.677601e+02 5.142704e+03 1.998261e+03
4.088804e+02 4.888513e+03 1.809843e+03
6.103531e+02 5.067321e+03 1.919265e+03
3.329617e+03 5.085222e+03 1.905702e+03
3.967438e+03 4.825713e+03 1.615478e+03
3.632897e+03 5.036288e+03 1.864673e+03
1.339318e+03 4.664284e+03 1.745947e+03
1.431099e+03 5.346292e+03 1.144122e+03
3.048700e+03 4.599355e+03 1.818389e+03
2.832256e+03 5.374826e+03 1.126874e+03
1.379054e+03 5.553599e+03 1.570618e+03
2.977206e+03 5.517736e+03 1.525630e+03
1.478251e+03 5.134529e+03 1.539002e+03
2.909967e+03 5.123363e+03 1.544978e+03
1.402994e+03 5.346922e+03 1.482425e+03
2.926429e+03 5.309297e+03 1.399560e+03
