[individuals]
1
[dimensions]
3
[landmarks]
58
[rawpoints]
'#1
-1.213166e-01 -4.951474e+00 -5.836051e-01
1.974780e-02 -2.277394e+00 -2.757013e-01
1.825497e-01 7.076390e-02 -2.355961e-01
2.860675e-01 1.406188e+00 -5.082703e-01
-2.706940e-01 -3.480649e+00 -4.917645e-01
-5.809988e-01 -4.022833e+00 -1.157762e+00
1.974401e-01 -3.492909e+00 -4.931112e-01
4.029335e-01 -4.166292e+00 -1.150343e+00
-3.702821e-01 -4.215796e+00 -1.072324e+00
1.752471e-01 -4.311101e+00 -1.119494e+00
-2.753229e-01 -2.657830e+00 -3.685004e-01
3.300215e-01 -2.680742e+00 -3.772714e-01
-2.014863e-01 -2.795913e+00 -1.240366e+00
-1.041498e-01 -2.191184e+00 -1.404063e+00
-7.841370e-02 -2.090414e+00 -1.437236e+00
1.600381e-01 -2.819455e+00 -1.262247e+00
9.247830e-02 -2.175608e+00 -1.398612e+00
1.759799e-01 -2.158580e+00 -1.405344e+00
-3.855430e-01 -1.461307e+00 -1.707318e+00
5.020220e-01 -1.531339e+00 -1.692593e+00
-7.502311e-01 -2.646212e+00 -1.056952e+00
-7.190417e-01 -2.719386e+00 -1.320962e+00
-8.093570e-01 -1.783284e+00 -1.228103e+00
-7.721434e-01 -1.788152e+00 -1.486220e+00
7.049173e-01 -2.748967e+00 -1.085151e+00
7.006469e-01 -2.783411e+00 -1.361172e+00
8.419026e-01 -1.899927e+00 -1.242941e+00
8.799407e-01 -1.926841e+00 -1.458569e+00
-9.361596e-01 -1.934965e+00 -9.813597e-01
1.004853e+00 -2.060578e+00 -9.661185e-01
-1.378212e+00 -8.031472e-01 -1.426065e+00
1.616995e+00 -9.579868e-01 -1.420647e+00
-7.374513e-01 2.323750e-02 -1.334993e+00
1.085206e+00 -9.216850e-02 -1.316866e+00
1.414475e-01 -3.604027e-01 -1.782316e+00
1.438220e-01 -3.587048e-01 -1.781963e+00
-1.031039e-01 -3.928802e-01 -1.829230e+00
3.526614e-01 -4.352802e-01 -1.791170e+00
2.299240e-02 2.179269e-01 -2.024855e+00
3.237763e-01 2.064400e-01 -1.952530e+00
-4.383464e-01 -2.613645e-01 -1.886788e+00
8.066393e-01 -3.319721e-01 -1.936682e+00
-1.024108e+00 7.654193e-01 -1.654479e+00
-1.211184e+00 4.574503e-01 -1.919829e+00
-1.139319e+00 3.702596e-01 -1.756020e+00
1.484431e+00 6.642053e-01 -1.596527e+00
1.559623e+00 2.180714e-01 -1.933578e+00
1.568096e+00 1.844330e-01 -1.750338e+00
-5.504837e-01 8.460300e-03 -1.669784e+00
-5.096998e-01 7.216925e-01 -2.206047e+00
9.276811e-01 -9.221520e-02 -1.702302e+00
7.291009e-01 5.247986e-01 -2.134027e+00
-6.349088e-01 8.647888e-01 -1.919597e+00
1.086059e+00 7.816985e-01 -1.930195e+00
-4.735798e-01 6.683781e-01 -1.929410e+00
9.041538e-01 6.043271e-01 -1.934196e+00
-5.798217e-01 8.276573e-01 -1.989274e+00
1.015688e+00 7.324064e-01 -2.033740e+00
