[individuals]
1
[dimensions]
3
[landmarks]
58
[rawpoints]
'#1
2.119445e+04 7.742490e+03 2.849972e+04
2.257226e+04 4.828332e+04 3.455538e+04
2.381557e+04 7.239541e+04 3.933338e+04
2.487392e+04 9.040177e+04 3.781347e+04
1.947386e+04 3.036061e+04 3.189823e+04
1.564503e+04 2.541706e+04 2.657447e+04
2.378870e+04 2.964535e+04 3.099576e+04
2.560435e+04 2.456603e+04 2.430112e+04
1.733583e+04 2.187053e+04 2.562438e+04
2.369611e+04 2.168335e+04 2.458503e+04
1.866090e+04 4.407249e+04 3.408085e+04
2.544859e+04 4.350594e+04 3.266719e+04
1.909109e+04 3.897599e+04 2.436693e+04
1.863052e+04 5.603565e+04 2.383023e+04
1.601346e+04 5.349990e+04 2.246233e+04
2.197741e+04 3.791726e+04 2.377204e+04
2.372807e+04 5.499738e+04 2.084663e+04
2.440450e+04 5.286667e+04 2.094073e+04
1.530776e+04 6.143121e+04 2.082094e+04
2.455634e+04 6.109581e+04 1.886508e+04
1.185113e+04 4.565296e+04 2.971580e+04
1.154031e+04 4.536716e+04 2.688203e+04
1.070679e+04 5.285245e+04 2.947045e+04
1.068039e+04 5.337962e+04 2.726955e+04
3.071871e+04 4.592681e+04 2.593588e+04
3.021049e+04 4.536275e+04 2.323947e+04
3.185244e+04 5.254483e+04 2.538094e+04
3.157795e+04 5.278530e+04 2.329805e+04
9.487105e+03 5.490273e+04 3.504457e+04
3.505523e+04 5.410773e+04 3.013953e+04
2.700627e+03 6.523385e+04 2.797488e+04
3.969466e+04 6.400116e+04 2.081303e+04
1.597588e+04 7.586656e+04 3.732213e+04
3.126969e+04 7.511687e+04 3.425482e+04
2.054102e+04 7.500730e+04 2.056654e+04
2.047603e+04 7.491164e+04 2.057148e+04
1.910048e+04 7.498837e+04 1.975905e+04
2.154609e+04 7.461484e+04 1.902052e+04
1.878095e+04 7.962380e+04 2.074014e+04
2.310196e+04 7.948890e+04 2.011884e+04
1.694413e+04 7.517692e+04 2.027487e+04
2.365691e+04 7.543502e+04 1.936554e+04
7.422037e+03 8.214647e+04 2.694580e+04
6.618593e+03 8.152658e+04 2.353543e+04
7.270570e+03 8.011734e+04 2.515605e+04
3.559908e+04 8.137960e+04 2.128372e+04
3.520926e+04 8.094320e+04 1.798457e+04
3.515013e+04 7.906220e+04 2.031913e+04
1.444009e+04 7.409413e+04 2.558079e+04
1.390471e+04 8.311360e+04 1.684106e+04
2.730816e+04 7.319538e+04 2.314903e+04
2.682181e+04 8.190724e+04 2.128040e+04
1.173291e+04 8.734418e+04 2.313310e+04
3.085516e+04 8.668970e+04 1.971102e+04
1.370413e+04 8.520164e+04 2.208986e+04
2.836041e+04 8.493473e+04 1.902411e+04
1.294314e+04 8.433010e+04 1.843820e+04
2.769081e+04 8.397420e+04 1.552933e+04
