[individuals]
1
[dimensions]
3
[landmarks]
64
[rawpoints]
'#1
3.265128e+01 2.242394e+01 6.784920e+01
1.810058e+01 8.451991e+01 7.771028e+01
2.051018e+01 1.416806e+02 7.274068e+01
2.835934e+01 1.646624e+02 6.265593e+01
1.743951e+01 5.088321e+01 6.706448e+01
4.359412e+01 3.520361e+01 4.239257e+01
3.131636e+01 5.084660e+01 8.133255e+01
5.437438e+01 3.211950e+01 5.178663e+01
4.947772e+01 3.714955e+01 4.651951e+01
5.155779e+01 3.651483e+01 4.798958e+01
1.162674e+01 8.304453e+01 6.715568e+01
2.925631e+01 8.469048e+01 8.337595e+01
4.216383e+01 8.659731e+01 4.127762e+01
4.883566e+01 1.071443e+02 3.020718e+01
4.320922e+01 8.864834e+01 4.170560e+01
5.247023e+01 8.705873e+01 5.041936e+01
6.104348e+01 1.070134e+02 4.108347e+01
4.979155e+01 8.758487e+01 4.816938e+01
4.716415e+01 1.079583e+02 2.703182e+01
6.709634e+01 1.101629e+02 4.212135e+01
2.529754e+01 6.842960e+01 4.527158e+01
2.780429e+01 6.890707e+01 4.344861e+01
2.702857e+01 8.922108e+01 4.099672e+01
3.005932e+01 8.820140e+01 3.748872e+01
5.115758e+01 6.972384e+01 6.965488e+01
5.304870e+01 7.037491e+01 6.665384e+01
5.388292e+01 9.050622e+01 6.491507e+01
5.772572e+01 9.016580e+01 6.212642e+01
9.213846e+00 9.154969e+01 5.772419e+01
3.816850e+01 9.457107e+01 8.488284e+01
1.001691e+01 1.111406e+02 2.997300e+01
6.658926e+01 1.136577e+02 7.895895e+01
1.810888e+01 1.318586e+02 4.436520e+01
4.932554e+01 1.335924e+02 7.293861e+01
4.426484e+01 1.334325e+02 4.295439e+01
4.702032e+01 1.336599e+02 4.515950e+01
4.167318e+01 1.352140e+02 4.009179e+01
5.120751e+01 1.373474e+02 4.728482e+01
4.270927e+01 1.403263e+02 4.058846e+01
4.830490e+01 1.389660e+02 4.687592e+01
3.670230e+01 1.416906e+02 3.654286e+01
5.543119e+01 1.411436e+02 5.218228e+01
2.437329e+01 1.475035e+02 3.149563e+01
2.060358e+01 1.471094e+02 2.740098e+01
2.049408e+01 1.451923e+02 2.995690e+01
6.184087e+01 1.485615e+02 6.359176e+01
6.481175e+01 1.489544e+02 6.586777e+01
6.290786e+01 1.469817e+02 6.650624e+01
2.125041e+01 1.556061e+02 3.094016e+01
1.925730e+01 1.522349e+02 2.709384e+01
2.278763e+01 1.547896e+02 2.430395e+01
6.159370e+01 1.562858e+02 6.663690e+01
6.590209e+01 1.541343e+02 6.720251e+01
6.734064e+01 1.574430e+02 6.306768e+01
2.925088e+01 1.376208e+02 3.274886e+01
4.288267e+01 1.462624e+02 1.862850e+01
6.282349e+01 1.407489e+02 5.209804e+01
7.251774e+01 1.478516e+02 4.367069e+01
3.051002e+01 1.534802e+02 3.236999e+01
5.806216e+01 1.541659e+02 5.710751e+01
3.160406e+01 1.510445e+02 3.400594e+01
5.715151e+01 1.512779e+02 5.583418e+01
3.360585e+01 1.507699e+02 3.250326e+01
5.850647e+01 1.514196e+02 5.268766e+01
