[individuals]
1
[dimensions]
3
[landmarks]
58
[rawpoints]
'#1
3.239378e+00 2.259158e+00 6.799473e+00
1.802041e+00 8.495773e+00 7.777236e+00
2.077981e+00 1.420479e+01 7.280936e+00
2.813177e+00 1.645591e+01 6.244962e+00
1.709545e+00 5.106746e+00 6.695555e+00
4.428258e+00 3.414663e+00 4.264075e+00
3.141912e+00 5.084504e+00 8.137841e+00
5.445345e+00 3.235155e+00 5.199952e+00
4.686681e+00 3.401449e+00 4.368688e+00
5.378453e+00 3.504337e+00 4.989472e+00
1.173659e+00 8.296888e+00 6.738879e+00
2.915594e+00 8.466266e+00 8.335916e+00
4.196128e+00 8.634469e+00 4.100915e+00
4.923957e+00 1.065853e+01 3.157922e+00
4.470017e+00 1.027629e+01 3.241043e+00
5.176236e+00 8.740122e+00 4.981905e+00
5.916751e+00 1.052290e+01 4.222645e+00
6.109242e+00 1.027184e+01 4.664565e+00
4.761270e+00 1.090749e+01 2.429421e+00
6.757619e+00 1.101359e+01 4.147047e+00
2.503577e+00 6.785488e+00 4.555306e+00
2.812445e+00 6.806516e+00 4.337947e+00
2.681976e+00 8.806127e+00 4.098751e+00
2.881560e+00 8.688560e+00 3.734895e+00
5.124672e+00 7.077265e+00 6.974548e+00
5.301620e+00 7.068948e+00 6.675084e+00
5.399050e+00 8.990827e+00 6.518852e+00
5.721094e+00 9.116735e+00 6.099775e+00
1.030370e+00 8.812986e+00 5.502289e+00
4.240788e+00 9.082286e+00 8.330113e+00
1.013843e+00 1.111227e+01 2.994223e+00
6.672633e+00 1.136887e+01 7.884802e+00
1.813679e+00 1.320728e+01 4.434656e+00
4.866090e+00 1.343209e+01 7.315310e+00
4.489817e+00 1.337750e+01 4.400865e+00
4.590618e+00 1.348700e+01 4.453783e+00
4.263166e+00 1.363900e+01 3.988473e+00
5.218097e+00 1.384017e+01 4.656168e+00
4.278541e+00 1.407264e+01 4.030122e+00
5.069723e+00 1.409852e+01 4.702014e+00
3.545573e+00 1.405702e+01 3.369853e+00
5.634301e+00 1.401422e+01 5.226373e+00
2.449872e+00 1.468268e+01 3.130940e+00
2.049573e+00 1.469805e+01 2.747624e+00
2.014409e+00 1.450740e+01 2.992699e+00
6.133896e+00 1.491182e+01 6.353050e+00
6.516592e+00 1.487697e+01 6.697332e+00
6.300666e+00 1.464569e+01 6.727641e+00
2.854264e+00 1.361437e+01 3.399964e+00
4.373651e+00 1.472145e+01 1.403275e+00
5.934134e+00 1.375794e+01 5.754472e+00
7.668960e+00 1.487692e+01 4.019475e+00
3.086423e+00 1.536267e+01 3.219465e+00
5.957568e+00 1.523489e+01 5.638632e+00
3.245294e+00 1.500299e+01 3.395078e+00
5.723386e+00 1.507199e+01 5.525359e+00
3.100450e+00 1.524507e+01 3.349427e+00
5.796163e+00 1.531756e+01 5.636816e+00
