[individuals]
1
[dimensions]
3
[landmarks]
58
[rawpoints]
'#1
7.927748e-01 1.621776e-01 1.473544e+00
9.444407e-01 1.583389e+00 1.736299e+00
1.097247e+00 2.636161e+00 1.814112e+00
1.199123e+00 3.274068e+00 1.638085e+00
7.394706e-01 7.531570e-01 1.536436e+00
6.694434e-01 6.682678e-01 1.115150e+00
1.020361e+00 6.886955e-01 1.597011e+00
1.275534e+00 5.811753e-01 1.316868e+00
7.858772e-01 6.202534e-01 1.175618e+00
1.142298e+00 5.630879e-01 1.265355e+00
7.111843e-01 1.231071e+00 1.565204e+00
1.142631e+00 1.202792e+00 1.698910e+00
8.869756e-01 1.170539e+00 1.137595e+00
9.966551e-01 1.697362e+00 1.036188e+00
8.879770e-01 1.543122e+00 1.048353e+00
1.214124e+00 1.128620e+00 1.236437e+00
1.312299e+00 1.651843e+00 1.131442e+00
1.351466e+00 1.511732e+00 1.174892e+00
9.302734e-01 1.957653e+00 9.051181e-01
1.498246e+00 1.880437e+00 1.054115e+00
6.202052e-01 1.194819e+00 1.198311e+00
6.549881e-01 1.161535e+00 1.104204e+00
6.206192e-01 1.346012e+00 1.184300e+00
6.662402e-01 1.334815e+00 1.055253e+00
1.405724e+00 1.052292e+00 1.431345e+00
1.442311e+00 1.034860e+00 1.329404e+00
1.462846e+00 1.217977e+00 1.431752e+00
1.465559e+00 1.176633e+00 1.297102e+00
5.903367e-01 1.384486e+00 1.354808e+00
1.403639e+00 1.266670e+00 1.590913e+00
2.280281e-01 2.408907e+00 1.016145e+00
2.113745e+00 2.107219e+00 1.543391e+00
6.692774e-01 2.899331e+00 1.228981e+00
1.780758e+00 2.770437e+00 1.554440e+00
1.304578e+00 2.547542e+00 9.460205e-01
1.303997e+00 2.547584e+00 9.457659e-01
1.163666e+00 2.702015e+00 8.665025e-01
1.500225e+00 2.642162e+00 9.493399e-01
1.219204e+00 2.812189e+00 8.749671e-01
1.477812e+00 2.765130e+00 9.481750e-01
1.097905e+00 2.871210e+00 8.475401e-01
1.590085e+00 2.799406e+00 9.759392e-01
7.639526e-01 3.070095e+00 8.725387e-01
6.516262e-01 2.943153e+00 6.407079e-01
6.555838e-01 2.915594e+00 7.451883e-01
1.882795e+00 2.920020e+00 1.203671e+00
2.100930e+00 2.744213e+00 1.036416e+00
2.029759e+00 2.726540e+00 1.100598e+00
9.210567e-01 2.762397e+00 8.007430e-01
9.729822e-01 2.958298e+00 5.963855e-01
1.763725e+00 2.651465e+00 1.059950e+00
1.858488e+00 2.848859e+00 8.446828e-01
9.503347e-01 3.276571e+00 6.887648e-01
1.894626e+00 3.166119e+00 9.631575e-01
9.868394e-01 3.112537e+00 7.298509e-01
1.793877e+00 2.982243e+00 9.911954e-01
9.408901e-01 3.144081e+00 6.438431e-01
1.892836e+00 3.014968e+00 9.093782e-01
