[individuals]
1
[dimensions]
3
[landmarks]
58
[rawpoints]
'#1
1.330228e+00 5.044120e-01 1.993862e+00
1.180694e+00 1.965025e+00 1.823900e+00
1.094500e+00 2.940326e+00 1.663854e+00
9.989814e-01 3.495408e+00 1.314533e+00
1.158295e+00 9.533923e-01 1.968334e+00
9.749830e-01 7.838669e-01 1.563782e+00
1.414630e+00 1.040156e+00 1.933718e+00
1.539788e+00 8.278791e-01 1.519065e+00
1.093884e+00 7.540218e-01 1.609324e+00
1.438081e+00 7.908904e-01 1.578009e+00
1.032467e+00 1.540736e+00 1.869886e+00
1.429863e+00 1.578341e+00 1.841510e+00
1.055641e+00 1.326736e+00 1.442313e+00
9.708916e-01 1.800466e+00 1.188507e+00
9.258240e-01 1.735484e+00 1.227944e+00
1.366930e+00 1.365926e+00 1.412423e+00
1.320061e+00 1.821272e+00 1.176045e+00
1.372373e+00 1.772718e+00 1.208514e+00
8.249871e-01 2.001473e+00 1.057115e+00
1.400283e+00 2.068513e+00 1.006098e+00
8.067302e-01 1.349132e+00 1.590436e+00
8.083220e-01 1.275964e+00 1.480189e+00
7.847556e-01 1.435122e+00 1.548858e+00
7.579087e-01 1.414295e+00 1.421411e+00
1.627401e+00 1.434247e+00 1.508713e+00
1.619154e+00 1.379399e+00 1.396573e+00
1.639842e+00 1.544629e+00 1.469018e+00
1.617936e+00 1.532187e+00 1.319594e+00
8.121219e-01 1.557794e+00 1.702229e+00
1.611911e+00 1.646920e+00 1.627845e+00
1.771277e-01 2.316168e+00 1.321157e+00
1.997223e+00 2.500877e+00 1.180997e+00
4.679486e-01 2.892772e+00 1.241711e+00
1.609740e+00 2.981893e+00 1.115349e+00
1.040851e+00 2.628760e+00 8.442205e-01
1.041052e+00 2.630903e+00 8.426698e-01
8.744397e-01 2.764319e+00 7.813523e-01
1.199853e+00 2.785014e+00 7.518300e-01
8.812329e-01 2.855801e+00 7.486865e-01
1.149613e+00 2.888514e+00 7.205995e-01
7.676468e-01 2.835526e+00 7.517802e-01
1.278393e+00 2.902062e+00 7.195669e-01
4.188569e-01 3.001338e+00 8.843985e-01
2.851699e-01 2.787598e+00 7.193778e-01
3.223374e-01 2.810690e+00 8.197975e-01
1.618315e+00 3.027615e+00 7.490371e-01
1.713594e+00 2.914579e+00 5.938294e-01
1.693689e+00 2.930166e+00 6.863229e-01
5.601397e-01 2.728915e+00 8.602959e-01
6.029883e-01 2.850657e+00 5.456328e-01
1.470595e+00 2.823476e+00 7.779987e-01
1.497984e+00 2.928039e+00 4.894024e-01
5.088579e-01 3.160365e+00 5.596737e-01
1.434791e+00 3.255603e+00 4.971695e-01
6.047654e-01 3.016012e+00 6.545851e-01
1.380883e+00 3.096722e+00 5.783315e-01
5.120566e-01 3.048653e+00 5.663573e-01
1.445771e+00 3.130727e+00 4.828530e-01
