[individuals]
1
[dimensions]
3
[landmarks]
58
[rawpoints]
'#1
5.792930e-01 6.093550e-02 9.123868e-01
6.158444e-01 1.386071e+00 1.476795e+00
6.947547e-01 2.501810e+00 1.832129e+00
8.854612e-01 3.035085e+00 1.816109e+00
4.770967e-01 5.766102e-01 1.077260e+00
5.930677e-01 6.583024e-01 6.473542e-01
6.812727e-01 5.171636e-01 1.213821e+00
1.052778e+00 4.915083e-01 9.527798e-01
6.743239e-01 5.679600e-01 7.172871e-01
9.565229e-01 5.066922e-01 8.964197e-01
4.333496e-01 1.209595e+00 1.196509e+00
8.226365e-01 1.061576e+00 1.470570e+00
7.660964e-01 1.127629e+00 8.459880e-01
8.553667e-01 1.577644e+00 8.712754e-01
8.035225e-01 1.511806e+00 8.387302e-01
1.028192e+00 1.076609e+00 1.025672e+00
1.143641e+00 1.490267e+00 1.067698e+00
1.149992e+00 1.330510e+00 1.071042e+00
8.722711e-01 1.900587e+00 7.900010e-01
1.347229e+00 1.759244e+00 1.125302e+00
4.958776e-01 1.141166e+00 8.120093e-01
5.588045e-01 1.125605e+00 7.232471e-01
5.089833e-01 1.344328e+00 8.249291e-01
6.006996e-01 1.374814e+00 7.022446e-01
1.131268e+00 9.534828e-01 1.258011e+00
1.187035e+00 9.394075e-01 1.165691e+00
1.198501e+00 1.115731e+00 1.304426e+00
1.300318e+00 1.179234e+00 1.187218e+00
4.155732e-01 1.288540e+00 9.028867e-01
1.115282e+00 1.093421e+00 1.428774e+00
2.298876e-01 2.322750e+00 6.957789e-01
1.767599e+00 1.833306e+00 1.756066e+00
4.439428e-01 2.757954e+00 1.195858e+00
1.465809e+00 2.474118e+00 1.874622e+00
1.210716e+00 2.455463e+00 1.102984e+00
1.210768e+00 2.457171e+00 1.103299e+00
1.096307e+00 2.631490e+00 9.761821e-01
1.395254e+00 2.536675e+00 1.175898e+00
1.141221e+00 2.705117e+00 1.037905e+00
1.364637e+00 2.646935e+00 1.189435e+00
1.065851e+00 2.732551e+00 9.433540e-01
1.488090e+00 2.624665e+00 1.236165e+00
6.898072e-01 2.954714e+00 8.337529e-01
7.242812e-01 2.887274e+00 6.715227e-01
6.926159e-01 2.853255e+00 7.282637e-01
1.735439e+00 2.668880e+00 1.595471e+00
1.885448e+00 2.526397e+00 1.448776e+00
1.815138e+00 2.492426e+00 1.506214e+00
8.495085e-01 2.703792e+00 8.264244e-01
1.060407e+00 2.928758e+00 7.206725e-01
1.627973e+00 2.473430e+00 1.340179e+00
1.723914e+00 2.732091e+00 1.193280e+00
9.724272e-01 3.215718e+00 8.587258e-01
1.765195e+00 2.979288e+00 1.393876e+00
9.699141e-01 3.003728e+00 8.729864e-01
1.652819e+00 2.781700e+00 1.279811e+00
1.005283e+00 3.067715e+00 7.470284e-01
1.798853e+00 2.819551e+00 1.292538e+00
