[individuals]
1
[dimensions]
3
[landmarks]
58
[rawpoints]
'#1
1.428413e+00 1.139370e-01 1.238164e+00
1.412230e+00 1.647700e+00 1.617776e+00
1.409395e+00 2.660164e+00 1.865236e+00
1.292659e+00 3.177993e+00 1.832254e+00
1.313887e+00 7.254769e-01 1.458897e+00
9.920468e-01 5.404336e-01 1.191219e+00
1.525816e+00 7.560004e-01 1.322258e+00
1.445147e+00 5.900791e-01 9.208080e-01
1.095541e+00 5.216969e-01 1.174459e+00
1.383638e+00 5.662445e-01 9.826924e-01
1.286154e+00 1.241486e+00 1.593137e+00
1.541183e+00 1.266824e+00 1.429898e+00
1.063038e+00 1.222874e+00 1.232348e+00
9.486698e-01 1.727273e+00 1.214544e+00
9.014454e-01 1.623696e+00 1.260578e+00
1.298856e+00 1.240343e+00 1.088545e+00
1.216821e+00 1.750964e+00 1.043590e+00
1.288950e+00 1.593781e+00 1.024988e+00
7.446590e-01 2.006564e+00 1.217263e+00
1.214806e+00 2.076604e+00 9.151012e-01
9.033841e-01 1.210180e+00 1.447518e+00
8.553306e-01 1.198276e+00 1.353368e+00
8.436455e-01 1.353912e+00 1.481085e+00
7.830857e-01 1.359587e+00 1.353891e+00
1.558956e+00 1.301917e+00 1.014896e+00
1.495820e+00 1.313172e+00 9.235947e-01
1.568737e+00 1.478896e+00 1.002932e+00
1.470817e+00 1.474434e+00 8.983387e-01
9.290951e-01 1.372920e+00 1.594409e+00
1.642629e+00 1.480444e+00 1.129323e+00
3.346825e-01 2.162749e+00 1.767102e+00
1.844257e+00 2.383173e+00 7.964512e-01
6.647561e-01 2.695117e+00 1.852731e+00
1.670543e+00 2.909436e+00 1.180608e+00
9.084828e-01 2.661712e+00 1.107658e+00
9.084828e-01 2.661712e+00 1.107658e+00
6.302304e-01 2.731907e+00 1.220689e+00
1.090565e+00 2.780144e+00 9.341305e-01
7.589320e-01 2.845557e+00 1.173866e+00
9.916526e-01 2.874746e+00 1.021750e+00
6.024705e-01 2.796255e+00 1.254091e+00
1.146826e+00 2.868526e+00 9.080139e-01
4.239090e-01 2.965189e+00 1.553561e+00
2.586338e-01 2.807685e+00 1.448964e+00
3.164096e-01 2.783585e+00 1.504781e+00
1.439313e+00 3.113295e+00 8.989895e-01
1.398170e+00 2.973155e+00 7.018843e-01
1.437857e+00 2.945810e+00 7.983499e-01
4.992335e-01 2.720651e+00 1.379550e+00
3.765258e-01 2.932490e+00 1.188524e+00
1.253302e+00 2.800149e+00 8.943249e-01
1.102075e+00 3.049779e+00 7.327784e-01
3.582278e-01 3.177121e+00 1.429236e+00
1.308115e+00 3.317055e+00 8.217416e-01
4.458815e-01 3.059645e+00 1.303185e+00
1.240571e+00 3.235700e+00 8.304650e-01
3.587829e-01 3.081424e+00 1.267447e+00
1.191158e+00 3.199873e+00 7.425774e-01
