[individuals]
1
[dimensions]
3
[landmarks]
58
[rawpoints]
'#1
1.021080e+00 4.087752e-01 1.080315e+00
1.307932e+00 2.177613e+00 1.537324e+00
1.571054e+00 3.641118e+00 1.569852e+00
1.639530e+00 4.309974e+00 1.382589e+00
9.174267e-01 1.004802e+00 1.275297e+00
6.314934e-01 9.887379e-01 6.571860e-01
1.291999e+00 9.251152e-01 1.229863e+00
1.424305e+00 8.395537e-01 5.537483e-01
8.335028e-01 9.335216e-01 6.929744e-01
1.199281e+00 8.660428e-01 6.495485e-01
9.318315e-01 1.842860e+00 1.425015e+00
1.560102e+00 1.718400e+00 1.334984e+00
1.013791e+00 1.869011e+00 7.336053e-01
1.061026e+00 2.354506e+00 6.608303e-01
9.782448e-01 2.100777e+00 6.919090e-01
1.344891e+00 1.869857e+00 7.036867e-01
1.413314e+00 2.205838e+00 6.292629e-01
1.408985e+00 1.968321e+00 6.514042e-01
9.023533e-01 2.696288e+00 5.710647e-01
1.650208e+00 2.610878e+00 4.776186e-01
6.449473e-01 1.729851e+00 9.518572e-01
6.448278e-01 1.699717e+00 7.903907e-01
6.536063e-01 1.888913e+00 9.262382e-01
6.450692e-01 1.870664e+00 7.432779e-01
1.706102e+00 1.565421e+00 8.124342e-01
1.665321e+00 1.559930e+00 6.581838e-01
1.759390e+00 1.812017e+00 8.202493e-01
1.717970e+00 1.768887e+00 6.037338e-01
7.051181e-01 1.944024e+00 1.138114e+00
1.759707e+00 1.789626e+00 1.049857e+00
1.641695e-01 3.263665e+00 1.090857e+00
2.621303e+00 2.880718e+00 8.228312e-01
8.237714e-01 3.910091e+00 1.141365e+00
2.239983e+00 3.715795e+00 9.973749e-01
1.446508e+00 3.534728e+00 5.195499e-01
1.442618e+00 3.539629e+00 5.196252e-01
1.189792e+00 3.677144e+00 5.428664e-01
1.688081e+00 3.617125e+00 4.795772e-01
1.295594e+00 3.826625e+00 5.298316e-01
1.671669e+00 3.785509e+00 4.830275e-01
1.110925e+00 3.905285e+00 5.654154e-01
1.870811e+00 3.790451e+00 4.605777e-01
8.345114e-01 4.147246e+00 7.273834e-01
5.802902e-01 4.014733e+00 4.884139e-01
6.205691e-01 3.965518e+00 6.163021e-01
2.197095e+00 3.975891e+00 5.552322e-01
2.316973e+00 3.750433e+00 2.829041e-01
2.310534e+00 3.705505e+00 4.287471e-01
9.372532e-01 3.833913e+00 5.707473e-01
9.317535e-01 4.086087e+00 3.919943e-01
2.007012e+00 3.681271e+00 4.353819e-01
2.022775e+00 3.902669e+00 2.358023e-01
9.233828e-01 4.379061e+00 4.929081e-01
2.138885e+00 4.177968e+00 3.581220e-01
9.927852e-01 4.178832e+00 5.116141e-01
2.029075e+00 4.032218e+00 3.750018e-01
9.182440e-01 4.252141e+00 4.264912e-01
2.080281e+00 4.076099e+00 2.746312e-01
