[individuals]
1
[dimensions]
3
[landmarks]
58
[rawpoints]
'#1
1.102972e+00 7.234090e-02 1.398769e+00
9.791392e-01 1.754414e+00 1.692004e+00
9.176844e-01 2.838684e+00 1.796336e+00
9.171783e-01 3.409158e+00 1.604728e+00
9.288120e-01 7.070135e-01 1.504371e+00
8.579051e-01 6.068470e-01 1.007794e+00
1.178441e+00 7.593363e-01 1.555374e+00
1.417127e+00 6.503584e-01 1.087043e+00
9.793008e-01 5.989345e-01 1.078237e+00
1.291751e+00 6.305264e-01 1.132804e+00
7.512431e-01 1.517323e+00 1.564358e+00
1.268216e+00 1.487542e+00 1.623307e+00
9.636939e-01 1.220310e+00 1.095257e+00
9.621482e-01 1.749636e+00 1.007843e+00
9.226783e-01 1.601653e+00 1.025062e+00
1.241448e+00 1.233561e+00 1.147764e+00
1.218068e+00 1.776670e+00 1.058786e+00
1.255691e+00 1.632991e+00 1.099883e+00
8.314645e-01 2.071579e+00 8.546276e-01
1.345160e+00 2.099791e+00 9.424470e-01
6.773739e-01 1.240097e+00 1.194583e+00
7.011854e-01 1.244117e+00 1.064498e+00
6.347919e-01 1.431035e+00 1.164595e+00
6.685451e-01 1.386906e+00 1.009410e+00
1.473779e+00 1.274801e+00 1.336290e+00
1.482617e+00 1.284439e+00 1.191635e+00
1.518061e+00 1.500720e+00 1.307809e+00
1.529728e+00 1.499694e+00 1.139028e+00
5.851597e-01 1.463588e+00 1.288420e+00
1.508523e+00 1.519824e+00 1.460777e+00
1.855041e-01 2.212024e+00 1.022922e+00
1.904820e+00 2.307442e+00 1.326766e+00
3.639546e-01 2.842252e+00 1.240864e+00
1.564192e+00 2.908984e+00 1.509442e+00
1.073211e+00 2.705895e+00 8.607443e-01
1.071840e+00 2.705406e+00 8.605840e-01
8.861102e-01 2.785817e+00 7.863250e-01
1.274437e+00 2.798976e+00 8.438197e-01
9.227573e-01 2.951251e+00 7.695855e-01
1.208156e+00 2.967506e+00 8.185259e-01
7.699469e-01 2.835042e+00 7.558418e-01
1.383111e+00 2.908571e+00 8.550305e-01
4.361387e-01 3.045050e+00 8.116850e-01
3.934357e-01 2.881023e+00 6.283064e-01
3.679796e-01 2.856200e+00 7.530252e-01
1.651333e+00 3.103984e+00 1.013813e+00
1.775543e+00 2.962727e+00 8.575977e-01
1.750206e+00 2.924932e+00 9.792327e-01
6.163300e-01 2.791684e+00 7.669120e-01
6.940967e-01 3.035890e+00 5.573547e-01
1.431767e+00 2.840429e+00 8.768286e-01
1.510755e+00 3.021529e+00 6.669877e-01
4.754435e-01 3.295078e+00 6.643138e-01
1.655218e+00 3.359066e+00 8.564733e-01
6.513061e-01 3.148809e+00 6.843215e-01
1.466838e+00 3.178788e+00 8.171567e-01
5.929187e-01 3.196974e+00 5.816004e-01
1.559293e+00 3.225473e+00 7.359255e-01
