[individuals]
1
[dimensions]
3
[landmarks]
58
[rawpoints]
'#1
1.820103e+00 2.419720e-01 1.770520e+00
1.527292e+00 1.700026e+00 1.810179e+00
1.294914e+00 2.800289e+00 1.693322e+00
1.160639e+00 3.383009e+00 1.501291e+00
1.578152e+00 8.656077e-01 1.843648e+00
1.405073e+00 6.125020e-01 1.468784e+00
1.829404e+00 8.575252e-01 1.802686e+00
1.982788e+00 7.333019e-01 1.380420e+00
1.567212e+00 6.131457e-01 1.506509e+00
1.785167e+00 6.415768e-01 1.465128e+00
1.276090e+00 1.475558e+00 1.783510e+00
1.848484e+00 1.603520e+00 1.697222e+00
1.382030e+00 1.231326e+00 1.384822e+00
1.282478e+00 1.716178e+00 1.211700e+00
1.304540e+00 1.440346e+00 1.303881e+00
1.741333e+00 1.262369e+00 1.345522e+00
1.650464e+00 1.730192e+00 1.162781e+00
1.717237e+00 1.543882e+00 1.225975e+00
1.072985e+00 1.919602e+00 1.071704e+00
1.655333e+00 2.051375e+00 9.791151e-01
1.151566e+00 1.194724e+00 1.547486e+00
1.137398e+00 1.146995e+00 1.381500e+00
1.048009e+00 1.420126e+00 1.427642e+00
1.057032e+00 1.364047e+00 1.313332e+00
2.012566e+00 1.406537e+00 1.395923e+00
1.988768e+00 1.383814e+00 1.247494e+00
1.922359e+00 1.647781e+00 1.273386e+00
1.923884e+00 1.618738e+00 1.180931e+00
1.073389e+00 1.439801e+00 1.609333e+00
2.000390e+00 1.634107e+00 1.471864e+00
3.883479e-01 2.129598e+00 1.359915e+00
2.273802e+00 2.497957e+00 1.112525e+00
6.343853e-01 2.763255e+00 1.345433e+00
1.812089e+00 3.003068e+00 1.145608e+00
1.213897e+00 2.693060e+00 8.893858e-01
1.214121e+00 2.690712e+00 8.910351e-01
1.030523e+00 2.728046e+00 8.888658e-01
1.343048e+00 2.800688e+00 8.469135e-01
1.048220e+00 2.848202e+00 8.566686e-01
1.302777e+00 2.901404e+00 8.310460e-01
9.341418e-01 2.795845e+00 8.840522e-01
1.431296e+00 2.882571e+00 8.206633e-01
4.908818e-01 2.886909e+00 9.774064e-01
4.395463e-01 2.735118e+00 8.125637e-01
4.764238e-01 2.756300e+00 9.313399e-01
1.826397e+00 3.168840e+00 8.114422e-01
1.834899e+00 3.031971e+00 6.432967e-01
1.871582e+00 3.049386e+00 7.707464e-01
7.640126e-01 2.710893e+00 9.401085e-01
7.186532e-01 2.825124e+00 6.593703e-01
1.604447e+00 2.893759e+00 8.411040e-01
1.532604e+00 3.026910e+00 5.660325e-01
5.724041e-01 3.189746e+00 7.955772e-01
1.537949e+00 3.417248e+00 6.575812e-01
6.815527e-01 3.057700e+00 7.611969e-01
1.500511e+00 3.214578e+00 6.678994e-01
6.748425e-01 3.074945e+00 6.751639e-01
1.525367e+00 3.234509e+00 5.821890e-01
