[individuals]
1
[dimensions]
3
[landmarks]
58
[rawpoints]
'#1
3.673462e-01 -4.051661e+00 -1.220391e+00
5.537816e-01 -2.542030e+00 -3.384069e-01
5.869611e-01 -4.566229e-01 4.003839e-01
4.455418e-01 9.294076e-01 1.717484e-01
1.625021e-01 -3.190626e+00 -6.080215e-01
-3.606865e-01 -2.977179e+00 -1.646655e+00
7.937971e-01 -3.249982e+00 -8.063974e-01
7.449389e-01 -2.890924e+00 -1.964240e+00
-2.314290e-02 -3.142773e+00 -1.719777e+00
4.340247e-01 -3.173388e+00 -1.871814e+00
-2.125710e-02 -2.607844e+00 -3.340752e-01
1.071821e+00 -2.561510e+00 -6.480603e-01
-2.591810e-02 -1.859459e+00 -1.174820e+00
-2.770660e-02 -1.588746e+00 -1.159722e+00
-1.126618e-01 -1.618788e+00 -1.175094e+00
5.553324e-01 -1.834045e+00 -1.328089e+00
5.540621e-01 -1.589216e+00 -1.323491e+00
5.939020e-01 -1.581402e+00 -1.352517e+00
-2.309276e-01 -1.112114e+00 -1.143897e+00
6.384793e-01 -1.030639e+00 -1.383390e+00
-4.987280e-01 -2.307410e+00 -1.140278e+00
-5.659683e-01 -2.272702e+00 -1.318997e+00
-5.310410e-01 -2.182635e+00 -1.110701e+00
-5.631155e-01 -2.081565e+00 -1.245599e+00
1.089035e+00 -2.248290e+00 -1.583299e+00
9.685972e-01 -2.242857e+00 -1.714393e+00
1.094006e+00 -2.073121e+00 -1.539109e+00
1.047330e+00 -1.994134e+00 -1.644664e+00
-4.473745e-01 -2.380633e+00 -5.436410e-01
1.263752e+00 -2.330224e+00 -1.088808e+00
-1.308259e+00 -1.383991e+00 -3.759620e-01
1.989576e+00 -1.221068e+00 -1.185655e+00
-3.123905e-01 -7.636948e-01 1.154722e-01
1.309787e+00 -6.392474e-01 -3.450946e-01
-1.658402e-01 -1.564500e-03 -1.065290e+00
5.162359e-01 9.163950e-02 -1.209170e+00
-3.100932e-01 8.786900e-03 -1.091972e+00
6.227995e-01 1.096395e-01 -1.262134e+00
-1.463552e-01 2.382397e-01 -1.044610e+00
4.577541e-01 3.338790e-01 -1.178106e+00
-4.423370e-01 1.443198e-01 -1.005816e+00
7.288751e-01 2.808765e-01 -1.270465e+00
-1.070966e+00 3.057997e-01 -6.249930e-01
-1.297002e+00 2.309652e-01 -8.544103e-01
-1.217115e+00 2.339678e-01 -6.102054e-01
1.409883e+00 5.361156e-01 -1.295905e+00
1.355617e+00 5.064219e-01 -1.584706e+00
1.509588e+00 4.462032e-01 -1.320526e+00
-6.815292e-01 -6.952880e-02 -9.171134e-01
-7.679687e-01 7.067990e-01 -1.426082e+00
9.841741e-01 3.380140e-02 -1.296041e+00
8.453255e-01 8.392327e-01 -1.769120e+00
-8.631405e-01 6.078759e-01 -8.586799e-01
1.079635e+00 7.867599e-01 -1.359944e+00
-7.156888e-01 5.186232e-01 -9.725355e-01
9.036368e-01 6.099574e-01 -1.368148e+00
-7.971818e-01 6.986429e-01 -9.242624e-01
9.877434e-01 8.629775e-01 -1.377017e+00
