[individuals]
1
[dimensions]
3
[landmarks]
64
[rawpoints]
'#1
1.098990e+04 5.929387e+03 1.349145e+04
1.283437e+04 1.605742e+04 1.839361e+04
1.523220e+04 2.967240e+04 2.105992e+04
1.630426e+04 3.899979e+04 1.701307e+04
1.003144e+04 1.369103e+04 1.702660e+04
8.726076e+03 1.160343e+04 9.796025e+03
1.495576e+04 1.268113e+04 1.650822e+04
1.508184e+04 1.064848e+04 9.740898e+03
1.005420e+04 1.073231e+04 9.465097e+03
1.378650e+04 1.018440e+04 9.340037e+03
9.242261e+03 1.541009e+04 1.744610e+04
1.573439e+04 1.404524e+04 1.716977e+04
1.154103e+04 1.981853e+04 1.136590e+04
1.198782e+04 2.114035e+04 1.109469e+04
1.122862e+04 2.052379e+04 1.102545e+04
1.501588e+04 1.935387e+04 1.136806e+04
1.509091e+04 2.068196e+04 1.108197e+04
1.565069e+04 1.994994e+04 1.091110e+04
1.114587e+04 2.463857e+04 9.540416e+03
1.721932e+04 2.372717e+04 9.450478e+03
7.940366e+03 1.554686e+04 1.207933e+04
7.987221e+03 1.576547e+04 1.090488e+04
7.885989e+03 1.699315e+04 1.195285e+04
7.798017e+03 1.760923e+04 1.106073e+04
1.731799e+04 1.427817e+04 1.197331e+04
1.712461e+04 1.439930e+04 1.088582e+04
1.794716e+04 1.560561e+04 1.182462e+04
1.773927e+04 1.589194e+04 1.108619e+04
7.337500e+03 1.650239e+04 1.558418e+04
1.802616e+04 1.470661e+04 1.526700e+04
2.149331e+03 2.576780e+04 1.309031e+04
2.582827e+04 2.169531e+04 1.289092e+04
8.127612e+03 2.834361e+04 1.575860e+04
2.105492e+04 2.609648e+04 1.539075e+04
1.385204e+04 3.059527e+04 8.646254e+03
1.626978e+04 3.017097e+04 8.691903e+03
1.308617e+04 3.086187e+04 8.532820e+03
1.735909e+04 3.006392e+04 8.262174e+03
1.392074e+04 3.148713e+04 8.244740e+03
1.668934e+04 3.088648e+04 8.293876e+03
1.110712e+04 3.216488e+04 8.500714e+03
1.959868e+04 3.075826e+04 8.512206e+03
6.893192e+03 3.452120e+04 9.655677e+03
5.324076e+03 3.281420e+04 1.003436e+04
5.855614e+03 3.442482e+04 9.802565e+03
2.434002e+04 3.192801e+04 9.734129e+03
2.467443e+04 2.976299e+04 9.848918e+03
2.483001e+04 3.121039e+04 9.720109e+03
5.291130e+03 3.648761e+04 1.051702e+04
4.264748e+03 3.521717e+04 9.550157e+03
4.824825e+03 3.635234e+04 8.082006e+03
2.658565e+04 3.354801e+04 1.016348e+04
2.731622e+04 3.195804e+04 1.009695e+04
2.653570e+04 3.247262e+04 7.501094e+03
8.840964e+03 3.120800e+04 9.028272e+03
8.525429e+03 3.364227e+04 4.913952e+03
2.192398e+04 2.928578e+04 8.862838e+03
2.252184e+04 3.182841e+04 4.971576e+03
8.238610e+03 3.507916e+04 7.174506e+03
2.303394e+04 3.443345e+04 8.241984e+03
9.807818e+03 3.510476e+04 8.063007e+03
2.158946e+04 3.269749e+04 8.219531e+03
9.826638e+03 3.609116e+04 6.602369e+03
2.185752e+04 3.411218e+04 8.980602e+03
