[individuals]
1
[dimensions]
3
[landmarks]
58
[rawpoints]
'#1
-1.340433e-01 -1.641010e+00 8.429712e-01
-5.256590e-02 -2.285796e-01 9.467604e-01
5.152120e-02 1.000388e+00 1.067312e+00
1.458964e-01 1.785398e+00 8.431122e-01
-2.701272e-01 -7.515553e-01 9.271132e-01
-5.045573e-01 -1.269099e+00 4.163912e-01
1.120560e-01 -7.959752e-01 8.992828e-01
2.785872e-01 -1.332134e+00 4.276966e-01
-3.661842e-01 -1.429468e+00 4.636539e-01
1.482501e-01 -1.458299e+00 4.603218e-01
-3.699664e-01 -2.790500e-01 9.873734e-01
2.651990e-01 -3.165723e-01 9.679114e-01
-3.088106e-01 -5.363075e-01 3.970241e-01
-1.905995e-01 -3.807371e-02 3.094689e-01
-3.225964e-01 -5.579906e-02 2.770450e-01
1.860949e-01 -5.803400e-01 3.904909e-01
1.625638e-01 -5.119852e-02 2.855747e-01
2.803706e-01 -7.126579e-02 2.485272e-01
-3.981660e-01 2.365268e-01 1.701269e-01
3.794793e-01 1.951801e-01 1.438123e-01
-6.412786e-01 -5.314568e-01 4.823402e-01
-6.201185e-01 -5.212993e-01 3.382816e-01
-6.605673e-01 -2.637709e-01 3.926095e-01
-6.541490e-01 -2.761802e-01 2.898083e-01
5.692218e-01 -5.720952e-01 4.435105e-01
5.180143e-01 -6.285403e-01 3.322218e-01
5.744726e-01 -3.486285e-01 3.776267e-01
5.729482e-01 -3.491572e-01 2.679949e-01
-8.323760e-01 -3.653322e-01 5.708723e-01
7.224394e-01 -4.715826e-01 5.477470e-01
-1.157472e+00 5.991855e-01 4.138045e-01
1.207525e+00 3.821282e-01 3.887445e-01
-6.698256e-01 1.029228e+00 6.077800e-01
8.176475e-01 9.305967e-01 5.978783e-01
6.791348e-02 9.330238e-01 7.443555e-02
7.075675e-02 9.332049e-01 7.461796e-02
-9.901726e-02 9.391178e-01 8.263274e-02
2.262816e-01 9.138707e-01 9.327988e-02
-4.732312e-02 1.164985e+00 3.899715e-02
2.210743e-01 1.141740e+00 3.657861e-02
-1.175937e-01 1.144205e+00 3.949885e-02
2.902612e-01 1.134939e+00 5.757613e-02
-7.704657e-01 1.498587e+00 2.203310e-01
-8.975664e-01 1.293545e+00 -2.709433e-02
-8.732573e-01 1.308737e+00 1.065340e-01
9.895018e-01 1.343475e+00 2.230034e-01
1.100977e+00 1.120805e+00 -3.876662e-02
1.063184e+00 1.135571e+00 1.055530e-01
-5.356196e-01 9.961601e-01 9.344115e-02
-3.728760e-01 1.363211e+00 -3.305809e-01
5.526773e-01 8.643625e-01 1.037144e-01
6.374516e-01 1.311292e+00 -2.908286e-01
-5.714183e-01 1.634163e+00 -1.361710e-01
8.172582e-01 1.534510e+00 -1.268265e-01
-3.391085e-01 1.533160e+00 -8.271058e-02
5.950718e-01 1.461477e+00 -6.680348e-02
-5.444267e-01 1.597110e+00 -1.061482e-01
7.962304e-01 1.494822e+00 -7.940487e-02
