[individuals]
1
[dimensions]
3
[landmarks]
58
[rawpoints]
'#1
2.712013e+00 5.782172e-01 3.479696e+00
2.179928e+00 3.785222e+00 3.745612e+00
1.909863e+00 5.658921e+00 3.743398e+00
1.770382e+00 6.869259e+00 3.337540e+00
2.256804e+00 1.775558e+00 3.507908e+00
2.118061e+00 1.395815e+00 2.602982e+00
2.806437e+00 1.899755e+00 3.600569e+00
3.337413e+00 1.526924e+00 2.805457e+00
2.418742e+00 1.479075e+00 2.696799e+00
3.021984e+00 1.562677e+00 2.803842e+00
1.919657e+00 3.068329e+00 3.463998e+00
2.737795e+00 3.241330e+00 3.586857e+00
2.250719e+00 2.967521e+00 2.516935e+00
2.151924e+00 3.813004e+00 2.246726e+00
2.070660e+00 3.635715e+00 2.261900e+00
2.743055e+00 3.040882e+00 2.600862e+00
2.648886e+00 3.980321e+00 2.299586e+00
2.787817e+00 3.760774e+00 2.381270e+00
1.910230e+00 4.298440e+00 1.985678e+00
2.819316e+00 4.487563e+00 2.124524e+00
1.851307e+00 2.459567e+00 2.848749e+00
1.886430e+00 2.408638e+00 2.620493e+00
1.671411e+00 2.943051e+00 2.752222e+00
1.795612e+00 2.945389e+00 2.374634e+00
3.198316e+00 2.735005e+00 3.051416e+00
3.221161e+00 2.659134e+00 2.836510e+00
3.198107e+00 3.285194e+00 2.998017e+00
3.208857e+00 3.245171e+00 2.612359e+00
1.653669e+00 3.169295e+00 3.085099e+00
3.049507e+00 3.373558e+00 3.290157e+00
4.425608e-01 4.630910e+00 2.627367e+00
3.830772e+00 5.167137e+00 3.227672e+00
1.187464e+00 5.797934e+00 2.770423e+00
2.863636e+00 6.123399e+00 2.948800e+00
2.184318e+00 5.609357e+00 2.012266e+00
2.187026e+00 5.608727e+00 2.011410e+00
1.995096e+00 5.652015e+00 1.938882e+00
2.367212e+00 5.724761e+00 1.985570e+00
1.931629e+00 6.002050e+00 1.912432e+00
2.338103e+00 6.056892e+00 1.982164e+00
1.557780e+00 6.095455e+00 1.906911e+00
2.669599e+00 6.307744e+00 2.092865e+00
1.045460e+00 6.332870e+00 2.031555e+00
9.273504e-01 5.937604e+00 1.574366e+00
9.747950e-01 5.986072e+00 1.769308e+00
3.025077e+00 6.601883e+00 2.336122e+00
3.372896e+00 6.342118e+00 1.993163e+00
3.276519e+00 6.354424e+00 2.160936e+00
1.353563e+00 5.963040e+00 1.858194e+00
1.323795e+00 6.306890e+00 1.527715e+00
2.885063e+00 6.212856e+00 2.095817e+00
2.924363e+00 6.563876e+00 1.786406e+00
1.133379e+00 6.522200e+00 1.803409e+00
2.944305e+00 6.825276e+00 2.082974e+00
1.359050e+00 6.382579e+00 1.799774e+00
2.811248e+00 6.645118e+00 2.012142e+00
1.192365e+00 6.471242e+00 1.648161e+00
2.959374e+00 6.766093e+00 1.920864e+00
