[individuals]
1
[dimensions]
3
[landmarks]
58
[rawpoints]
'#1
1.671934e+00 8.928907e-02 1.367968e+00
1.566556e+00 6.988417e-01 1.410158e+00
1.451642e+00 1.195938e+00 1.392240e+00
1.379968e+00 1.548576e+00 1.344810e+00
1.549454e+00 3.080463e-01 1.390376e+00
1.518506e+00 2.215596e-01 1.195102e+00
1.703298e+00 3.498453e-01 1.403772e+00
1.787344e+00 2.652321e-01 1.216875e+00
1.578732e+00 1.779522e-01 1.225332e+00
1.743767e+00 2.060521e-01 1.235063e+00
1.445117e+00 5.248919e-01 1.390835e+00
1.715733e+00 5.916064e-01 1.408368e+00
1.525655e+00 5.610660e-01 1.192210e+00
1.508906e+00 6.699564e-01 1.160400e+00
1.484352e+00 6.435073e-01 1.159267e+00
1.659236e+00 5.889282e-01 1.196516e+00
1.641485e+00 6.964431e-01 1.164900e+00
1.662745e+00 6.892787e-01 1.167282e+00
1.412941e+00 7.598018e-01 1.111180e+00
1.698458e+00 8.169191e-01 1.128611e+00
1.393232e+00 4.759007e-01 1.210607e+00
1.401465e+00 4.832349e-01 1.165738e+00
1.362232e+00 5.921094e-01 1.178418e+00
1.358675e+00 5.869802e-01 1.140565e+00
1.825212e+00 5.768338e-01 1.227392e+00
1.809636e+00 5.694467e-01 1.185024e+00
1.797288e+00 6.812336e-01 1.203160e+00
1.804138e+00 6.789735e-01 1.168356e+00
1.349903e+00 5.105960e-01 1.250047e+00
1.830717e+00 6.000417e-01 1.276336e+00
1.086601e+00 7.759237e-01 1.174310e+00
1.975158e+00 9.517506e-01 1.227768e+00
1.157678e+00 1.045136e+00 1.245204e+00
1.808567e+00 1.171598e+00 1.269913e+00
1.426120e+00 1.016891e+00 1.062273e+00
1.591264e+00 1.046910e+00 1.068087e+00
1.382968e+00 1.075660e+00 1.030760e+00
1.615480e+00 1.119875e+00 1.046220e+00
1.397492e+00 1.213835e+00 1.020878e+00
1.541600e+00 1.239939e+00 1.027563e+00
1.377785e+00 1.120490e+00 1.026974e+00
1.580209e+00 1.173846e+00 1.035874e+00
1.082604e+00 1.183496e+00 1.049135e+00
1.087800e+00 1.112934e+00 9.965760e-01
1.091508e+00 1.098083e+00 1.062712e+00
1.837460e+00 1.335419e+00 1.094555e+00
1.864925e+00 1.268290e+00 1.045146e+00
1.855188e+00 1.262605e+00 1.100077e+00
1.259905e+00 1.053507e+00 1.044442e+00
1.293824e+00 1.265739e+00 9.361347e-01
1.726594e+00 1.146816e+00 1.096202e+00
1.615084e+00 1.328166e+00 9.644985e-01
1.109598e+00 1.361570e+00 9.613016e-01
1.746515e+00 1.462749e+00 9.850127e-01
1.227868e+00 1.317258e+00 9.853943e-01
1.654773e+00 1.413890e+00 9.783880e-01
1.127841e+00 1.352309e+00 9.529182e-01
1.730760e+00 1.450066e+00 9.783026e-01
