[individuals]
1
[dimensions]
3
[landmarks]
58
[rawpoints]
'#1
1.014967e+00 6.806204e-01 2.020818e+00
7.504778e-01 1.964924e+00 1.678837e+00
6.204993e-01 2.792271e+00 1.461111e+00
5.972393e-01 3.171215e+00 1.238168e+00
7.321223e-01 1.470991e+00 1.745758e+00
8.544255e-01 9.418300e-01 1.630533e+00
9.272528e-01 1.471757e+00 1.810349e+00
1.125465e+00 9.903603e-01 1.719500e+00
9.684091e-01 9.436421e-01 1.719987e+00
9.969918e-01 9.457838e-01 1.726639e+00
5.879457e-01 1.770843e+00 1.591296e+00
1.029379e+00 1.830287e+00 1.690821e+00
8.428348e-01 1.461035e+00 1.455560e+00
8.429793e-01 1.944260e+00 1.065914e+00
7.973056e-01 1.871600e+00 1.109237e+00
9.959423e-01 1.495243e+00 1.494281e+00
9.736145e-01 1.969530e+00 1.111371e+00
1.026408e+00 1.941522e+00 1.164862e+00
7.580844e-01 1.914590e+00 1.021418e+00
1.093028e+00 2.007263e+00 1.103158e+00
6.095840e-01 1.609005e+00 1.377360e+00
6.431140e-01 1.570566e+00 1.312007e+00
5.454720e-01 1.815563e+00 1.190836e+00
5.946193e-01 1.820291e+00 1.118530e+00
1.163680e+00 1.768476e+00 1.500997e+00
1.185521e+00 1.707312e+00 1.444823e+00
1.197305e+00 1.986655e+00 1.362909e+00
1.211767e+00 1.958532e+00 1.294851e+00
5.058099e-01 1.730691e+00 1.341855e+00
1.207248e+00 1.897898e+00 1.520961e+00
2.610887e-01 2.074915e+00 1.021210e+00
1.384515e+00 2.339083e+00 1.311146e+00
2.792271e-01 2.554308e+00 1.119238e+00
1.150125e+00 2.807126e+00 1.347183e+00
8.786952e-01 2.417234e+00 8.556042e-01
8.914503e-01 2.419390e+00 8.583000e-01
7.541739e-01 2.463604e+00 7.602917e-01
9.972599e-01 2.515983e+00 8.286861e-01
7.481153e-01 2.550933e+00 6.932572e-01
1.004364e+00 2.612543e+00 7.704289e-01
6.561244e-01 2.484382e+00 7.099248e-01
1.106635e+00 2.593163e+00 8.328035e-01
3.087184e-01 2.658817e+00 6.807845e-01
2.913256e-01 2.566571e+00 6.890299e-01
3.360802e-01 2.582836e+00 7.288869e-01
1.309247e+00 2.890801e+00 9.606637e-01
1.356913e+00 2.805614e+00 9.757360e-01
1.302192e+00 2.803911e+00 1.004052e+00
5.238058e-01 2.422646e+00 7.571790e-01
5.982903e-01 2.535730e+00 5.155544e-01
1.210868e+00 2.589240e+00 9.389727e-01
1.216104e+00 2.698421e+00 6.773109e-01
4.931765e-01 2.780542e+00 4.639966e-01
1.235884e+00 2.943148e+00 6.797841e-01
5.834206e-01 2.696324e+00 4.688835e-01
1.198853e+00 2.795647e+00 6.763017e-01
5.024777e-01 2.636276e+00 4.772314e-01
1.295240e+00 2.818425e+00 7.360703e-01
