[individuals]
1
[dimensions]
3
[landmarks]
58
[rawpoints]
'#1
7.434233e-02 4.264801e-01 9.911394e-01
5.013138e-01 1.420510e+00 1.295896e+00
8.652937e-01 2.204141e+00 1.472457e+00
1.140193e+00 2.558121e+00 1.458251e+00
1.894408e-01 8.975719e-01 1.059971e+00
2.862070e-01 8.116711e-01 7.724365e-01
2.894623e-01 7.822055e-01 1.189759e+00
5.146677e-01 6.155832e-01 1.045193e+00
3.040845e-01 7.225639e-01 8.178112e-01
4.428361e-01 6.112505e-01 9.852274e-01
3.272499e-01 1.239848e+00 1.123462e+00
4.951333e-01 1.174845e+00 1.332995e+00
5.725861e-01 1.132785e+00 8.890226e-01
9.344493e-01 1.509708e+00 9.186653e-01
7.181839e-01 1.341817e+00 8.514382e-01
6.882591e-01 1.026281e+00 1.035909e+00
9.974082e-01 1.438729e+00 1.005033e+00
9.202188e-01 1.245029e+00 1.064378e+00
8.852590e-01 1.566993e+00 8.089093e-01
1.102584e+00 1.420903e+00 1.069940e+00
4.226326e-01 1.306567e+00 8.005933e-01
4.585232e-01 1.289036e+00 7.460569e-01
4.606967e-01 1.383696e+00 8.035429e-01
4.952711e-01 1.362698e+00 7.474965e-01
8.069748e-01 1.006981e+00 1.267281e+00
8.418198e-01 9.741040e-01 1.216884e+00
8.628869e-01 1.078446e+00 1.281596e+00
9.048767e-01 1.059679e+00 1.212223e+00
3.937106e-01 1.442376e+00 9.104716e-01
7.752258e-01 1.128400e+00 1.371817e+00
5.964015e-01 2.108865e+00 6.237875e-01
1.399508e+00 1.488281e+00 1.612962e+00
8.101481e-01 2.358080e+00 8.517449e-01
1.401993e+00 1.945732e+00 1.634425e+00
1.279533e+00 1.913280e+00 9.748844e-01
1.280495e+00 1.914095e+00 9.750538e-01
1.245111e+00 2.002475e+00 8.901675e-01
1.372410e+00 1.905320e+00 1.036415e+00
1.311050e+00 2.105207e+00 8.841513e-01
1.428364e+00 2.003078e+00 1.042322e+00
1.214810e+00 2.072441e+00 7.882956e-01
1.471084e+00 1.878410e+00 1.105194e+00
1.089355e+00 2.432796e+00 7.059858e-01
1.048208e+00 2.308309e+00 5.634114e-01
1.020197e+00 2.322686e+00 6.327289e-01
1.680036e+00 2.011263e+00 1.430045e+00
1.721863e+00 1.815002e+00 1.367471e+00
1.676629e+00 1.846380e+00 1.406183e+00
1.107205e+00 2.121610e+00 7.390012e-01
1.400278e+00 2.218207e+00 6.639875e-01
1.501240e+00 1.824072e+00 1.233932e+00
1.673651e+00 1.999911e+00 1.034280e+00
1.369920e+00 2.484227e+00 6.387392e-01
1.837898e+00 2.119894e+00 1.219065e+00
1.325908e+00 2.370178e+00 6.975754e-01
1.707827e+00 2.070999e+00 1.194071e+00
1.384517e+00 2.435474e+00 6.098976e-01
1.829595e+00 2.058820e+00 1.164914e+00
