[individuals]
1
[dimensions]
3
[landmarks]
58
[rawpoints]
'#1
7.585153e+00 1.703353e+00 9.981031e-01
6.984714e+00 3.676090e-01 7.050410e+00
6.375019e+00 9.756824e-01 1.312439e+01
6.031052e+00 1.516874e+00 1.598789e+01
5.186831e+00 8.105019e-01 5.382657e+00
6.740392e+00 4.712204e+00 3.525234e+00
9.063173e+00 8.168656e-01 5.992777e+00
7.848537e+00 4.532851e+00 3.640953e+00
6.974532e+00 4.646722e+00 3.232171e+00
7.791270e+00 4.522971e+00 3.312065e+00
4.440371e+00 1.086946e+00 5.833673e+00
9.584688e+00 1.065910e+00 6.592622e+00
6.413147e+00 5.031487e+00 8.995531e+00
6.198749e+00 5.516501e+00 9.631853e+00
6.137762e+00 5.319404e+00 8.620416e+00
7.200864e+00 5.095407e+00 9.044821e+00
7.317406e+00 5.519037e+00 9.782988e+00
7.641571e+00 5.409204e+00 8.863797e+00
5.683410e+00 5.390979e+00 9.665970e+00
7.870691e+00 5.426890e+00 1.007924e+01
4.853249e+00 2.732231e+00 4.109266e+00
5.158460e+00 3.212644e+00 4.372868e+00
4.840346e+00 2.247717e+00 6.397403e+00
4.842533e+00 2.539080e+00 6.506374e+00
9.524265e+00 2.652745e+00 4.898083e+00
9.258039e+00 3.176429e+00 5.052442e+00
9.034445e+00 2.280379e+00 7.387616e+00
9.003399e+00 2.544928e+00 7.413456e+00
3.894478e+00 1.492339e+00 5.493874e+00
1.011295e+01 1.497189e+00 6.322872e+00
1.590969e+00 2.468602e+00 8.519365e+00
1.197003e+01 2.392264e+00 9.760961e+00
4.767570e+00 1.027978e+00 1.033379e+01
8.542486e+00 1.201262e+00 1.086390e+01
6.555442e+00 4.887139e+00 1.196478e+01
6.572212e+00 4.874455e+00 1.197143e+01
6.185037e+00 4.936317e+00 1.171658e+01
7.032300e+00 4.838683e+00 1.172337e+01
5.867530e+00 5.120835e+00 1.253067e+01
7.176430e+00 5.112125e+00 1.273239e+01
4.931514e+00 4.947305e+00 1.305632e+01
7.939754e+00 4.971426e+00 1.333378e+01
3.677415e+00 3.885639e+00 1.356700e+01
1.999813e+00 3.393382e+00 1.345951e+01
2.663369e+00 3.286394e+00 1.338676e+01
9.180761e+00 3.910373e+00 1.407030e+01
1.075631e+01 3.490794e+00 1.434262e+01
1.015341e+01 3.387583e+00 1.436040e+01
5.162913e+00 4.726655e+00 1.186318e+01
5.090353e+00 5.065674e+00 1.274622e+01
7.914474e+00 4.748134e+00 1.209005e+01
7.763731e+00 5.129356e+00 1.299130e+01
3.809985e+00 5.359405e+00 1.446232e+01
8.628164e+00 5.435967e+00 1.501238e+01
4.369778e+00 5.523109e+00 1.412876e+01
8.257253e+00 5.498614e+00 1.453812e+01
4.660172e+00 5.004102e+00 1.400499e+01
8.032073e+00 4.980286e+00 1.439833e+01
