[individuals]
1
[dimensions]
3
[landmarks]
58
[rawpoints]
'#1
7.386060e+00 1.500752e+00 7.457700e+00
8.416140e+00 7.458662e+00 8.517838e+00
7.670869e+00 1.386851e+01 7.835159e+00
7.248773e+00 1.645592e+01 7.255449e+00
7.011756e+00 6.010237e+00 9.185009e+00
4.979035e+00 3.419242e+00 5.704985e+00
9.265061e+00 6.050882e+00 6.975070e+00
5.807051e+00 3.247618e+00 4.935161e+00
5.051752e+00 3.683303e+00 5.560628e+00
5.683242e+00 3.674966e+00 4.952100e+00
6.518430e+00 7.029807e+00 9.558029e+00
9.565532e+00 6.955499e+00 6.578599e+00
4.801085e+00 9.540487e+00 5.058811e+00
4.455304e+00 1.008130e+01 4.757153e+00
4.277251e+00 1.003832e+01 5.161128e+00
5.309291e+00 9.590381e+00 4.646455e+00
5.047428e+00 1.004466e+01 4.197715e+00
5.435641e+00 9.887718e+00 4.113097e+00
4.015620e+00 1.040376e+01 5.303115e+00
5.655628e+00 1.037128e+01 3.842604e+00
5.009149e+00 5.388453e+00 8.037914e+00
4.930476e+00 5.546600e+00 7.454679e+00
5.184300e+00 7.273379e+00 8.384815e+00
5.104444e+00 7.330256e+00 8.122819e+00
8.003184e+00 5.169926e+00 5.064716e+00
7.562159e+00 5.466666e+00 4.901454e+00
8.346279e+00 7.504905e+00 5.408282e+00
8.140335e+00 7.519353e+00 5.257988e+00
5.266997e+00 6.820302e+00 9.660632e+00
9.533595e+00 6.541018e+00 5.531753e+00
3.235703e+00 9.872834e+00 1.024253e+01
1.040378e+01 9.480823e+00 3.358248e+00
6.367199e+00 1.150226e+01 8.789539e+00
8.972023e+00 1.128399e+01 6.533156e+00
5.198988e+00 1.228636e+01 4.959754e+00
5.232395e+00 1.228362e+01 4.937230e+00
4.734470e+00 1.213173e+01 5.178023e+00
5.454424e+00 1.217546e+01 4.530044e+00
4.473183e+00 1.295726e+01 5.144543e+00
5.435043e+00 1.307604e+01 4.270366e+00
3.918346e+00 1.378074e+01 5.863025e+00
6.226777e+00 1.365492e+01 3.822318e+00
3.772228e+00 1.444680e+01 7.558442e+00
3.152518e+00 1.429165e+01 8.991796e+00
3.345258e+00 1.435633e+01 8.521482e+00
7.886956e+00 1.427612e+01 3.745042e+00
9.419012e+00 1.398560e+01 3.190012e+00
8.843260e+00 1.416073e+01 3.485430e+00
4.152728e+00 1.266245e+01 5.877998e+00
3.896343e+00 1.348067e+01 5.696229e+00
6.391252e+00 1.245787e+01 4.140418e+00
6.079099e+00 1.332556e+01 3.809370e+00
3.027467e+00 1.503551e+01 6.046180e+00
6.431228e+00 1.490526e+01 2.984633e+00
3.109879e+00 1.482800e+01 5.775721e+00
6.174369e+00 1.470776e+01 3.021058e+00
3.597960e+00 1.455993e+01 5.712602e+00
5.842091e+00 1.410167e+01 2.663702e+00
